["port 1","LEFT"]
["port 2","RIGHT"]
("port 1","mode 1",1,"port 1",1,"transmission")
(302, 3)
1.8737028625000000e+14 2.0724450682312878e-03 1.6912752763675762e+00
1.8741206334838350e+14 2.0912267974028294e-03 1.7774624748293761e+00
1.8745384044676700e+14 2.1203266372671653e-03 1.8641896277405268e+00
1.8749561754515050e+14 2.1601725965610338e-03 1.9507625101855883e+00
1.8753739464353400e+14 2.2110400653463803e-03 2.0365061116590915e+00
1.8757917174191750e+14 2.2730517213577313e-03 2.1208020565860295e+00
1.8762094884030100e+14 2.3461878704326517e-03 2.2031183242498069e+00
1.8766272593868450e+14 2.4303049698059403e-03 2.2830281541346178e+00
1.8770450303706800e+14 2.5251592013697307e-03 2.3602173754266405e+00
1.8774628013545150e+14 2.6304318473063955e-03 2.4344814777978510e+00
1.8778805723383500e+14 2.7457537246552747e-03 2.5057150480877319e+00
1.8782983433221850e+14 2.8707267739699360e-03 2.5738966205490645e+00
1.8787161143060200e+14 3.0049417870985215e-03 2.6390717135412216e+00
1.8791338852898550e+14 3.1479920059287935e-03 2.7013361649768153e+00
1.8795516562736900e+14 3.2994828427428324e-03 2.7608211194209611e+00
1.8799694272575250e+14 3.4590382646364649e-03 2.8176803494524503e+00
1.8803871982413600e+14 3.6263044958832055e-03 2.8720800959444128e+00
1.8808049692251950e+14 3.8009516837454274e-03 2.9241912943416910e+00
1.8812227402090300e+14 3.9826740983410760e-03 2.9741838855384657e+00
1.8816405111928650e+14 4.1711893353050498e-03 3.0222228471437695e+00
1.8820582821767000e+14 4.3662368855823938e-03 3.0684655836843300e+00
1.8824760531605350e+14 4.5675763431327378e-03 3.1130603518925524e+00
1.8828938241443700e+14 4.7749854435989994e-03 3.1561454490625485e+00
1.8833115951282050e+14 4.9882580661400090e-03 3.1978489460988020e+00
1.8837293661120400e+14 5.2072022847298094e-03 3.2382887958996833e+00
1.8841471370958750e+14 5.4316385218396816e-03 3.2775731893433435e+00
1.8845649080797100e+14 5.6613978339540329e-03 3.3158010648738414e+00
1.8849826790635450e+14 5.8963203422379437e-03 3.3530627040836545e+00
1.8854004500473800e+14 6.1362538110836685e-03 3.3894403658259815e+00
1.8858182210312150e+14 6.3810523705604277e-03 3.4250089264291685e+00
1.8862359920150500e+14 6.6305753747978053e-03 3.4598365046056649e+00
1.8866537629988853e+14 6.8846863862233841e-03 3.4939850575993852e+00
1.8870715339827203e+14 7.1432522746811998e-03 3.5275109407414837e+00
1.8874893049665553e+14 7.4061424204013718e-03 3.5604654265047908e+00
1.8879070759503903e+14 7.6732280101482414e-03 3.5928951818069765e+00
1.8883248469342253e+14 7.9443814165885331e-03 3.6248427040748057e+00
1.8887426179180603e+14 8.2194756517518525e-03 3.6563467176975588e+00
1.8891603889018953e+14 8.4983838862916598e-03 3.6874425331611134e+00
1.8895781598857303e+14 8.7809790271640448e-03 3.7181623715061680e+00
1.8899959308695653e+14 9.0671333471530249e-03 3.7485356568930159e+00
1.8904137018534003e+14 9.3567181604312100e-03 3.7785892800523935e+00
1.8908314728372353e+14 9.6496035390702273e-03 3.8083478353107978e+00
1.8912492438210703e+14 9.9456580660249004e-03 3.8378338337325579e+00
1.8916670148049053e+14 1.0244748620684533e-02 3.8670678947445123e+00
1.8920847857887403e+14 1.0546740193595593e-02 3.8960689184209603e+00
1.8925025567725753e+14 1.0851495727375766e-02 3.9248542404147080e+00
1.8929203277564103e+14 1.1158875981249297e-02 3.9534397713350731e+00
1.8933380987402453e+14 1.1468739416947043e-02 3.9818401221964397e+00
1.8937558697240803e+14 1.1780942104018319e-02 4.0100687173969840e+00
1.8941736407079153e+14 1.2095337642882053e-02 4.0381378965352637e+00
1.8945914116917503e+14 1.2411777104101763e-02 4.0660590062347133e+00
1.8950091826755853e+14 1.2730108982650163e-02 4.0938424830201221e+00
1.8954269536594203e+14 1.3050179166011602e-02 4.1214979281781643e+00
1.8958447246432553e+14 1.3371830915192291e-02 4.1490341754322353e+00
1.8962624956270903e+14 1.3694904857770506e-02 4.1764593521732944e+00
1.8966802666109253e+14 1.4019238992279099e-02 4.2037809349033299e+00
1.8970980375947603e+14 1.4344668703284475e-02 4.2310057994831300e+00
1.8975158085785953e+14 1.4671026786596621e-02 4.2581402667042649e+00
1.8979335795624303e+14 1.4998143484158729e-02 4.2851901436559343e+00
1.8983513505462653e+14 1.5325846528175549e-02 4.3121607613006159e+00
1.8987691215301003e+14 1.5653961194139521e-02 4.3390570086323255e+00
1.8991868925139353e+14 1.5982310362423063e-02 4.3658833637487877e+00
1.8996046634977703e+14 1.6310714588167668e-02 4.3926439221352167e+00
1.9000224344816053e+14 1.6638992179230726e-02 4.4193424224241831e+00
1.9004402054654403e+14 1.6966959281967241e-02 4.4459822698710312e+00
1.9008579764492753e+14 1.7294429974669963e-02 4.4725665577566751e+00
1.9012757474331103e+14 1.7621216368484759e-02 4.4990980869091430e+00
1.9016935184169453e+14 1.7947128715665131e-02 4.5255793835159066e+00
1.9021112894007803e+14 1.8271975525012280e-02 4.5520127153807293e+00
1.9025290603846153e+14 1.8595563684386758e-02 4.5784001067630573e+00
1.9029468313684503e+14 1.8917698590165927e-02 4.6047433519257837e+00
1.9033646023522853e+14 1.9238184283531731e-02 4.6310440275029263e+00
1.9037823733361203e+14 1.9556823593487330e-02 4.6573035037881843e+00
1.9042001443199553e+14 1.9873418286492129e-02 4.6835229550369180e+00
1.9046179153037903e+14 2.0187769222604259e-02 4.7097033688623915e+00
1.9050356862876253e+14 2.0499676518029874e-02 4.7358455548025447e+00
1.9054534572714603e+14 2.0808939713963030e-02 4.7619501521237666e+00
1.9058712282552953e+14 2.1115357951605244e-02 4.7880176369223628e+00
1.9062889992391303e+14 2.1418730153239883e-02 4.8140483285805624e+00
1.9067067702229653e+14 2.1718855209243229e-02 4.8400423956254102e+00
1.9071245412068003e+14 2.2015532170887912e-02 4.8659998610372881e+00
1.9075423121906353e+14 2.2308560448803780e-02 4.8919206070491281e+00
1.9079600831744703e+14 2.2597740016949957e-02 4.9178043794734876e+00
1.9083778541583053e+14 2.2882871621919001e-02 4.9436507915918080e+00
1.9087956251421403e+14 2.3163756997419561e-02 4.9694593276373853e+00
1.9092133961259753e+14 2.3440199083754127e-02 4.9952293458994745e+00
1.9096311671098103e+14 2.3712002252078607e-02 5.0209600814745592e+00
1.9100489380936453e+14 2.3978972533257953e-02 5.0466506486890168e+00
1.9104667090774803e+14 2.4240917851089939e-02 5.0723000432130121e+00
1.9108844800613153e+14 2.4497648259661924e-02 5.0979071438865118e+00
1.9113022510451506e+14 2.4748976184596583e-02 5.1234707142746494e+00
1.9117200220289856e+14 2.4994716667933365e-02 5.1489894039682351e+00
1.9121377930128206e+14 2.5234687616368739e-02 5.1744617496453156e+00
1.9125555639966556e+14 2.5468710052566457e-02 5.1998861759061921e+00
1.9129733349804906e+14 2.5696608369245057e-02 5.2252609958952121e+00
1.9133911059643256e+14 2.5918210585729018e-02 5.2505844117200873e+00
1.9138088769481606e+14 2.6133348606640305e-02 5.2758545146794136e+00
1.9142266479319956e+14 2.6341858482383768e-02 5.3010692853081629e+00
1.9146444189158306e+14 2.6543580671097369e-02 5.3262265932495421e+00
1.9150621898996656e+14 2.6738360301687657e-02 5.3513241969615795e+00
1.9154799608835006e+14 2.6926047437585063e-02 5.3763597432661410e+00
1.9158977318673356e+14 2.7106497340853072e-02 5.4013307667473072e+00
1.9163155028511706e+14 2.7279570736226676e-02 5.4262346890052040e+00
1.9167332738350056e+14 2.7445134074737060e-02 5.4510688177727769e+00
1.9171510448188406e+14 2.7603059796450433e-02 5.4758303458998867e+00
1.9175688158026756e+14 2.7753226591970021e-02 5.5005163502118126e+00
1.9179865867865106e+14 2.7895519662248139e-02 5.5251237902467576e+00
1.9184043577703456e+14 2.8029830976303859e-02 5.5496495068785539e+00
1.9188221287541806e+14 2.8156059526420543e-02 5.5740902208297909e+00
1.9192398997380156e+14 2.8274111580405041e-02 5.5984425310809591e+00
1.9196576707218506e+14 2.8383900930472404e-02 5.6227029131820068e+00
1.9200754417056856e+14 2.8485349138357551e-02 5.6468677174716175e+00
1.9204932126895206e+14 2.8578385776215687e-02 5.6709331672118068e+00
1.9209109836733556e+14 2.8662948662908923e-02 5.6948953566440519e+00
1.9213287546571906e+14 2.8738984095274263e-02 5.7187502489755939e+00
1.9217465256410256e+14 2.8806447073960881e-02 5.7424936743036872e+00
1.9221642966248606e+14 2.8865301523461034e-02 5.7661213274881398e+00
1.9225820676086956e+14 2.8915520505939953e-02 5.7896287659823056e+00
1.9229998385925306e+14 2.8957086428501349e-02 5.8130114076346677e+00
1.9234176095763656e+14 2.8989991243525248e-02 5.8362645284747199e+00
1.9238353805602006e+14 2.9014236641728572e-02 5.8593832604979932e+00
1.9242531515440356e+14 2.9029834237617100e-02 5.8823625894680180e+00
1.9246709225278706e+14 2.9036805747004495e-02 5.9051973527540760e+00
1.9250886935117056e+14 2.9035183156277952e-02 5.9278822372271120e+00
1.9255064644955406e+14 2.9025008883136888e-02 5.9504117772388394e+00
1.9259242354793756e+14 2.9006335928475655e-02 5.9727803527113021e+00
1.9263420064632106e+14 2.8979228019176143e-02 5.9949821873695903e+00
1.9267597774470456e+14 2.8943759741503542e-02 6.0170113471522058e+00
1.9271775484308806e+14 2.8900016664860230e-02 6.0388617388398709e+00
1.9275953194147156e+14 2.8848095455615733e-02 6.0605271089470509e+00
1.9280130903985506e+14 2.8788103980765117e-02 6.0820010429265761e+00
1.9284308613823856e+14 2.8720161401123472e-02 6.1032769647435154e+00
1.9288486323662206e+14 2.8644398253792655e-02 6.1243481368804042e+00
1.9292664033500556e+14 2.8560956523565457e-02 6.1452076608436004e+00
1.9296841743338906e+14 2.8469989702984953e-02 6.1658484782476579e+00
1.9301019453177256e+14 2.8371662840653879e-02 6.1862633725628280e+00
1.9305197163015606e+14 2.8266152577419365e-02 6.2064449716199253e+00
1.9309374872853956e+14 2.8153647169973327e-02 6.2263857509755951e+00
1.9313552582692306e+14 2.8034346501336030e-02 6.2460780382516736e+00
1.9317730292530656e+14 2.7908462077663232e-02 6.2655140185719000e+00
1.9321908002369006e+14 2.7776217010656606e-02 6.2846857412315558e+00
1.9326085712207356e+14 2.7637845984823519e-02 6.3035851277450377e+00
1.9330263422045706e+14 2.7493595208671805e-02 6.3222039814299098e+00
1.9334441131884056e+14 2.7343722348803216e-02 6.3405339986959834e+00
1.9338618841722406e+14 2.7188496445727944e-02 6.3585667822205849e+00
1.9342796551560756e+14 2.7028197810031164e-02 6.3762938562013520e+00
1.9346974261399106e+14 2.6863117897364470e-02 6.3937066838893166e+00
1.9351151971237456e+14 2.6693559160512231e-02 6.4107966876128577e+00
1.9355329681075806e+14 2.6519834876565677e-02 6.4275552715119675e+00
1.9359507390914156e+14 2.6342268947019288e-02 6.4439738472069932e+00
1.9359660086208747e+14 2.6335710407322764e-02 6.4445673952442384e+00
1.9363532405457916e+14 2.6167871471411253e-02 6.4594627319336224e+00
1.9363685100752506e+14 2.6161195409188293e-02 6.4600438552849893e+00
1.9367862810590856e+14 2.5976958679599378e-02 6.4757568093662679e+00
1.9372040520429209e+14 2.5789913283133480e-02 6.4911043365581387e+00
1.9376218230267559e+14 2.5600422991940548e-02 6.5060782015480525e+00
1.9380395940105909e+14 2.5408860702067382e-02 6.5206703566743043e+00
1.9384573649944259e+14 2.5215608010407307e-02 6.5348729897548230e+00
1.9388751359782609e+14 2.5021054741943702e-02 6.5486785762258659e+00
1.9392929069620959e+14 2.4825598423077608e-02 6.5620799356810648e+00
1.9397106779459309e+14 2.4629643696708177e-02 6.5750702928452371e+00
1.9401284489297659e+14 2.4433601674623696e-02 6.5876433429519174e+00
1.9405462199136009e+14 2.4237889222745931e-02 6.5997933214115658e+00
1.9409639908974359e+14 2.4042928174835661e-02 6.6115150775648068e+00
1.9413817618812709e+14 2.3849144470485743e-02 6.6228041522048500e+00
1.9417995328651059e+14 2.3656967213529074e-02 6.6336568584313946e+00
1.9422173038489409e+14 2.3466827647464907e-02 6.6440703652606565e+00
1.9426350748327759e+14 2.3279158045193198e-02 6.6540427832680598e+00
1.9430528458166109e+14 2.3094390511164367e-02 6.6635732513793231e+00
1.9434706168004459e+14 2.2912955695124183e-02 6.6726620237609469e+00
1.9438883877842809e+14 2.2735281417926842e-02 6.6813105555897554e+00
1.9443061587681159e+14 2.2561791211364420e-02 6.6895215863167055e+00
1.9447239297519509e+14 2.2392902775725625e-02 6.6972992188793352e+00
1.9451417007357859e+14 2.2229026360705686e-02 6.7046489931782398e+00
1.9455594717196209e+14 2.2070563077447293e-02 6.7115779520142782e+00
1.9459772427034559e+14 2.1917903151748994e-02 6.7180946976007574e+00
1.9463950136872909e+14 2.1771424130875513e-02 6.7242094367244230e+00
1.9468127846711259e+14 2.1631489058821975e-02 6.7299340126406433e+00
1.9472305556549609e+14 2.1498444637268053e-02 6.7352819218597633e+00
1.9476483266387959e+14 2.1372619391728662e-02 6.7402683141201232e+00
1.9480660976226309e+14 2.1254321864425812e-02 6.7449099740513230e+00
1.9484838686064659e+14 2.1143838857150325e-02 6.7492252833137041e+00
1.9489016395903009e+14 2.1041433748636637e-02 6.7532341623519692e+00
1.9493194105741359e+14 2.0947344911765451e-02 6.7569579913158186e+00
1.9497371815579709e+14 2.0861784256040211e-02 6.7604195101734099e+00
1.9501549525418059e+14 2.0784935920268668e-02 6.7636426985516769e+00
1.9505727235256409e+14 2.0716955139114500e-02 6.7666526363740074e+00
1.9509904945094759e+14 2.0657967305243396e-02 6.7694753468978170e+00
1.9514082654933109e+14 2.0608067246007982e-02 6.7721376242713944e+00
1.9518260364771459e+14 2.0567318730345074e-02 6.7746668481968895e+00
1.9522438074609809e+14 2.0535754217526774e-02 6.7770907886922727e+00
1.9526615784448159e+14 2.0513374855086610e-02 6.7794374042592098e+00
1.9530793494286509e+14 2.0500150728484060e-02 6.7817346369809082e+00
1.9534971204124859e+14 2.0496021360237256e-02 6.7840102081725622e+00
1.9539148913963209e+14 2.0500896451456169e-02 6.7862914181892036e+00
1.9543326623801559e+14 2.0514656854037205e-02 6.7886049538604203e+00
1.9547504333639909e+14 2.0537155757579178e-02 6.7909767067723141e+00
1.9551682043478259e+14 2.0568220071310459e-02 6.7934316052725423e+00
1.9555859753316609e+14 2.0607651978212356e-02 6.7959934626485294e+00
1.9560037463154959e+14 2.0655230636102126e-02 6.7986848434419560e+00
1.9564215172993309e+14 2.0710713998842306e-02 6.8015269493403538e+00
1.9568392882831659e+14 2.0773840729938535e-02 6.8045395255492984e+00
1.9572570592670009e+14 2.0844332180677980e-02 6.8077407880198741e+00
1.9576748302508359e+14 2.0921894405589163e-02 6.8111473714066149e+00
1.9580926012346709e+14 2.1006220189170553e-02 6.8147742971744538e+00
1.9585103722185059e+14 2.1096991059621872e-02 6.8186349608768273e+00
1.9589281432023409e+14 2.1193879267451289e-02 6.8227411372959796e+00
1.9593459141861759e+14 2.1296549709336855e-02 6.8271030018770915e+00
1.9597636851700109e+14 2.1404661780276182e-02 6.8317291667013240e+00
1.9601814561538459e+14 2.1517871139853349e-02 6.8366267291249621e+00
1.9605992271376809e+14 2.1635831381224185e-02 6.8418013311605899e+00
1.9610169981215159e+14 2.1758195594115119e-02 6.8472572276801209e+00
1.9614347691053512e+14 2.1884617815685844e-02 6.8529973615754534e+00
1.9618525400891862e+14 2.2014754365471803e-02 6.8590234441051585e+00
1.9622703110730212e+14 2.2148265062733548e-02 6.8653360387834352e+00
1.9626880820568562e+14 2.2284814326419780e-02 6.8719346473126048e+00
1.9631058530406912e+14 2.2424072159559154e-02 6.8788177962240828e+00
1.9635236240245262e+14 2.2565715021231478e-02 6.8859831230591011e+00
1.9639413950083612e+14 2.2709426590360481e-02 6.8934274610916502e+00
1.9643591659921962e+14 2.2854898426426622e-02 6.9011469217585288e+00
1.9647769369760312e+14 2.3001830532817801e-02 6.9091369741196074e+00
1.9651947079598662e+14 2.3149931828973177e-02 6.9173925208162554e+00
1.9656124789437012e+14 2.3298920537731381e-02 6.9259079701286508e+00
1.9660302499275362e+14 2.3448524494430644e-02 6.9346773038515295e+00
1.9664480209113712e+14 2.3598481384240623e-02 6.9436941408122532e+00
1.9668657918952062e+14 2.3748538914172994e-02 6.9529517959441955e+00
1.9672835628790412e+14 2.3898454925937767e-02 6.9624433349066068e+00
1.9677013338628762e+14 2.4047997455626205e-02 6.9721616243028759e+00
1.9681191048467112e+14 2.4196944745860073e-02 6.9820993776021538e+00
1.9685368758305462e+14 2.4345085215717703e-02 6.9922491969091984e+00
1.9689546468143812e+14 2.4492217393421785e-02 7.0026036107581264e+00
1.9693724177982162e+14 2.4638149816369425e-02 7.0131551081282266e+00
1.9697901887820512e+14 2.4782700902769596e-02 7.0238961688959405e+00
1.9702079597658862e+14 2.4925698798758129e-02 7.0348192909447622e+00
1.9706257307497212e+14 2.5066981204546882e-02 7.0459170141610334e+00
1.9710435017335562e+14 2.5206395182805846e-02 7.0571819415414661e+00
1.9714612727173912e+14 2.5343796952195512e-02 7.0686067576358749e+00
1.9718790437012262e+14 2.5479051668635146e-02 7.0801842445424841e+00
1.9722968146850612e+14 2.5612033196662918e-02 7.0919072956641998e+00
1.9727145856688962e+14 2.5742623872948098e-02 7.1037689274262483e+00
1.9731323566527312e+14 2.5870714263816433e-02 7.1157622891428947e+00
1.9735501276365662e+14 2.5996202918424853e-02 7.1278806712121145e+00
1.9739678986204012e+14 2.6118996119010144e-02 7.1401175118034450e+00
1.9743856696042362e+14 2.6239007629511476e-02 7.1524664021938786e+00
1.9748034405880712e+14 2.6356158443646083e-02 7.1649210908950458e+00
1.9752212115719062e+14 2.6470376533426793e-02 7.1774754867033161e+00
1.9756389825557412e+14 2.6581596598955478e-02 7.1901236607939838e+00
1.9760567535395762e+14 2.6689759820224930e-02 7.2028598479703261e+00
1.9764745245234112e+14 2.6794813611562024e-02 7.2156784471685498e+00
1.9768922955072462e+14 2.6896711379242367e-02 7.2285740213100986e+00
1.9773100664910812e+14 2.6995412282751676e-02 7.2415412965853418e+00
1.9777278374749162e+14 2.7090881000084010e-02 7.2545751612427214e+00
1.9781456084587512e+14 2.7183087497394218e-02 7.2676706639521518e+00
1.9785633794425862e+14 2.7272006803305771e-02 7.2808230118027213e+00
1.9789811504264212e+14 2.7357618788088654e-02 7.2940275679903017e+00
1.9793989214102562e+14 2.7439907947898513e-02 7.3072798492432396e+00
1.9798166923940912e+14 2.7518863194241579e-02 7.3205755230303193e+00
1.9802344633779262e+14 2.7594477648773867e-02 7.3339104045896750e+00
1.9806522343617612e+14 2.7666748443531425e-02 7.3472804538136804e+00
1.9810700053455962e+14 2.7735676526670135e-02 7.3606817720200404e+00
1.9814877763294312e+14 2.7801266473748219e-02 7.3741105986373006e+00
1.9819055473132662e+14 2.7863526304590110e-02 7.3875633078274952e+00
1.9823233182971012e+14 2.7922467305739770e-02 7.4010364050688020e+00
1.9827410892809362e+14 2.7978103858498870e-02 7.4145265237159510e+00
1.9831588602647712e+14 2.8030453272534228e-02 7.4280304215551380e+00
1.9835766312486062e+14 2.8079535625018817e-02 7.4415449773679674e+00
1.9839944022324412e+14 2.8125373605280838e-02 7.4550671875176135e+00
1.9844121732162762e+14 2.8167992364889868e-02 7.4685941625675456e+00
1.9848299442001112e+14 2.8207419373131360e-02 7.4821231239430723e+00
1.9852477151839462e+14 2.8243684277801703e-02 7.4956514006441681e+00
1.9856654861677812e+14 2.8276818771238145e-02 7.5091764260168352e+00
1.9860832571516162e+14 2.8306856461504833e-02 7.5226957345895631e+00
1.9865010281354512e+14 2.8333832748638935e-02 7.5362069589803857e+00
1.9869187991192862e+14 2.8357784705853137e-02 7.5497078268794091e+00
1.9873365701031212e+14 2.8378750965597936e-02 7.5631961581108635e+00
1.9877543410869566e+14 2.8396771610362619e-02 7.5766698617785311e+00
1.9881721120707916e+14 2.8411888068087324e-02 7.5901269334970909e+00
1.9885898830546266e+14 2.8424143012083129e-02 7.6035654527127772e+00
1.9890076540384616e+14 2.8433580265299411e-02 7.6169835801143329e+00
1.9894254250222966e+14 2.8440244708826997e-02 7.6303795551375053e+00
1.9898431960061316e+14 2.8444182194474008e-02 7.6437516935630798e+00
1.9902609669899666e+14 2.8445439461275090e-02 7.6570983852107366e+00
1.9906787379738016e+14 2.8444064055789517e-02 7.6704180917288820e+00
1.9910965089576366e+14 2.8440104256009433e-02 7.6837093444814499e+00
1.9915142799414716e+14 2.8433608998734861e-02 7.6969707425314988e+00
1.9919320509253066e+14 2.8424627810246114e-02 7.7102009507223599e+00
1.9923498219091416e+14 2.8413210740100701e-02 7.7233986978554707e+00
1.9927675928929766e+14 2.8399408297890911e-02 7.7365627749647841e+00
1.9931853638768116e+14 2.8383271392777746e-02 7.7496920336872979e+00
1.9936031348606466e+14 2.8364851275642859e-02 7.7627853847281401e+00
1.9940209058444816e+14 2.8344199483664369e-02 7.7758417964199742e+00
1.9944386768283166e+14 2.8321367787156097e-02 7.7888602933742961e+00
1.9948564478121516e+14 2.8296408138483328e-02 7.8018399552238380e+00
1.9952742187959866e+14 2.8269372622885838e-02 7.8147799154535234e+00
1.9956919897798216e+14 2.8240313411033627e-02 7.8276793603182551e+00
1.9961097607636566e+14 2.8209282713142297e-02 7.8405375278445391e+00
1.9965275317474916e+14 2.8176332734485637e-02 7.8533537069136914e+00
1.9969453027313266e+14 2.8141515632133414e-02 7.8661272364231687e+00
1.9973630737151616e+14 2.8104883472767808e-02 7.8788575045230207e+00
1.9977808446989966e+14 2.8066488191411911e-02 7.8915439479234726e+00
1.9981986156828316e+14 2.8026381550929937e-02 7.9041860512701785e+00
1.9986163866666666e+14 2.7984615102166880e-02 7.9167833465821023e+00
("port 1","mode 1",1,"port 2",1,"transmission")
(302, 3)
1.8737028625000000e+14 2.3440852612733792e-01 -1.4067016363010143e+00
1.8741206334838350e+14 2.3733564189025025e-01 -1.3621221281664875e+00
1.8745384044676700e+14 2.4030696058272655e-01 -1.3173376805000772e+00
1.8749561754515050e+14 2.4332163397438636e-01 -1.2723488968769292e+00
1.8753739464353400e+14 2.4637879086833783e-01 -1.2271566290116729e+00
1.8757917174191750e+14 2.4947753873964296e-01 -1.1817619601364846e+00
1.8762094884030100e+14 2.5261696535798411e-01 -1.1361661888563741e+00
1.8766272593868450e+14 2.5579614040660958e-01 -1.0903708134773644e+00
1.8770450303706800e+14 2.5901411710643707e-01 -1.0443775167874474e+00
1.8774628013545150e+14 2.6226993385036645e-01 -9.9818815126177718e-01
1.8778805723383500e+14 2.6556261584851332e-01 -9.5180472465775090e-01
1.8782983433221850e+14 2.6889117678071500e-01 -9.0522938596424096e-01
1.8787161143060200e+14 2.7225462044799759e-01 -8.5846441167316490e-01
1.8791338852898550e+14 2.7565194241043528e-01 -8.1151219234653860e-01
1.8795516562736900e+14 2.7908213159474632e-01 -7.6437521946170051e-01
1.8799694272575250e+14 2.8254417185148234e-01 -7.1705607252860526e-01
1.8803871982413600e+14 2.8603704343894798e-01 -6.6955740648472495e-01
1.8808049692251950e+14 2.8955972440896866e-01 -6.2188193938775549e-01
1.8812227402090300e+14 2.9311119186874407e-01 -5.7403244043808366e-01
1.8816405111928650e+14 2.9669042309308735e-01 -5.2601171837641025e-01
1.8820582821767000e+14 3.0029639646258005e-01 -4.7782261031268985e-01
1.8824760531605350e+14 3.0392809220542838e-01 -4.2946797105218332e-01
1.8828938241443700e+14 3.0758449292431389e-01 -3.8095066299028130e-01
1.8833115951282050e+14 3.1126458389371825e-01 -3.3227354665333125e-01
1.8837293661120400e+14 3.1496735311865975e-01 -2.8343947196204644e-01
1.8841471370958750e+14 3.1869179115160945e-01 -2.3445127029268478e-01
1.8845649080797100e+14 3.2243689067088793e-01 -1.8531174740558259e-01
1.8849826790635450e+14 3.2620164583074335e-01 -1.3602367730113624e-01
1.8854004500473800e+14 3.2998505140007661e-01 -8.6589797053023693e-02
1.8858182210312150e+14 3.3378610171365014e-01 -3.7012802652814043e-02
1.8862359920150500e+14 3.3760378946594022e-01 1.2704654115319533e-02
1.8866537629988853e+14 3.4143710438345076e-01 6.2559967769809044e-02
1.8870715339827203e+14 3.4528503181621639e-01 1.1255058021507987e-01
1.8874893049665553e+14 3.4914655129307348e-01 1.6267398085283385e-01
1.8879070759503903e+14 3.5302063508766962e-01 2.1292770577758616e-01
1.8883248469342253e+14 3.5690624684363220e-01 2.6330933613414320e-01
1.8887426179180603e+14 3.6080234030693958e-01 3.1381649573023568e-01
1.8891603889018953e+14 3.6470785821189688e-01 3.6444684801301991e-01
1.8895781598857303e+14 3.6862173136398485e-01 4.1519809253133833e-01
1.8899959308695653e+14 3.7254287795819480e-01 4.6606796101419229e-01
1.8904137018534003e+14 3.7647020316563973e-01 5.1705421320303147e-01
1.8908314728372353e+14 3.8040259901419193e-01 5.6815463257796595e-01
1.8912492438210703e+14 3.8433894458089352e-01 6.1936702211694827e-01
1.8916670148049053e+14 3.8827810650515560e-01 6.7068920022209233e-01
1.8920847857887403e+14 3.9221893982269851e-01 7.2211899693992565e-01
1.8925025567725753e+14 3.9616028911068235e-01 7.7365425058922710e-01
1.8929203277564103e+14 4.0010098992541732e-01 8.2529280489669810e-01
1.8933380987402453e+14 4.0403987050516899e-01 8.7703250672269728e-01
1.8937558697240803e+14 4.0797575370251971e-01 9.2887120443949267e-01
1.8941736407079153e+14 4.1190745910371812e-01 9.8080674700430459e-01
1.8945914116917503e+14 4.1583380528653630e-01 1.0328369837459741e+00
1.8950091826755853e+14 4.1975361216388918e-01 1.0849597648629876e+00
1.8954269536594203e+14 4.2366570335765846e-01 1.1371729426080492e+00
1.8958447246432553e+14 4.2756890854619134e-01 1.1894743731132364e+00
1.8962624956270903e+14 4.3146206572978996e-01 1.2418619187915771e+00
1.8966802666109253e+14 4.3534402336101052e-01 1.2943334512323097e+00
1.8970980375947603e+14 4.3921364229104970e-01 1.3468868544944439e+00
1.8975158085785953e+14 4.4306979748936187e-01 1.3995200286912297e+00
1.8979335795624303e+14 4.4691137950105125e-01 1.4522308937510722e+00
1.8983513505462653e+14 4.5073729561512060e-01 1.5050173932362094e+00
1.8987691215301003e+14 4.5454647072620219e-01 1.5578774981013603e+00
1.8991868925139353e+14 4.5833784788231613e-01 1.6108092102769109e+00
1.8996046634977703e+14 4.6211038852165531e-01 1.6638105659699400e+00
1.9000224344816053e+14 4.6586307241152675e-01 1.7168796385864258e+00
1.9004402054654403e+14 4.6959489731232401e-01 1.7700145411915269e+00
1.9008579764492753e+14 4.7330487839846008e-01 1.8232134284419954e+00
1.9012757474331103e+14 4.7699204747590246e-01 1.8764744979414270e+00
1.9016935184169453e+14 4.8065545204253751e-01 1.9297959909900486e+00
1.9021112894007803e+14 4.8429415424238514e-01 1.9831761927201721e+00
1.9025290603846153e+14 4.8790722976769213e-01 2.0366134316287190e+00
1.9029468313684503e+14 4.9149376676418094e-01 2.0901060785387129e+00
1.9033646023522853e+14 4.9505286479372457e-01 2.1436525450386696e+00
1.9037823733361203e+14 4.9858363390607630e-01 2.1972512814668379e+00
1.9042001443199553e+14 5.0208519386658013e-01 2.2509007745206211e+00
1.9046179153037903e+14 5.0555667358038336e-01 2.3045995445832763e+00
1.9050356862876253e+14 5.0899721074586246e-01 2.3583461428678891e+00
1.9054534572714603e+14 5.1240595176086057e-01 2.4121391484843935e+00
1.9058712282552953e+14 5.1578205189522053e-01 2.4659771655351213e+00
1.9062889992391303e+14 5.1912467573257182e-01 2.5198588203436110e+00
1.9067067702229653e+14 5.2243299787345154e-01 2.5737827589146018e+00
1.9071245412068003e+14 5.2570620388112688e-01 2.6277476447141512e+00
1.9075423121906353e+14 5.2894349144147546e-01 2.6817521568474181e+00
1.9079600831744703e+14 5.3214407169894773e-01 2.7357949886954365e+00
1.9083778541583053e+14 5.3530717072277079e-01 2.7898748470569381e+00
1.9087956251421403e+14 5.3843203105114035e-01 2.8439904518219192e+00
1.9092133961259753e+14 5.4151791325651966e-01 2.8981405361846919e+00
1.9096311671098103e+14 5.4456409747259904e-01 2.9523238473842026e+00
1.9100489380936453e+14 5.4756988482300417e-01 3.0065391479410004e+00
1.9104667090774803e+14 5.5053459869345833e-01 3.0607852173404728e+00
1.9108844800613153e+14 5.5345758579301485e-01 3.1150608540967686e+00
1.9113022510451506e+14 5.5633821695578656e-01 3.1693648781165247e+00
1.9117200220289856e+14 5.5917588764230619e-01 3.2236961332693030e+00
1.9121377930128206e+14 5.6197001810912528e-01 3.2780534900646487e+00
1.9125555639966556e+14 5.6472005322569485e-01 3.3324358483271586e+00
1.9129733349804906e+14 5.6742546192941279e-01 3.3868421397621407e+00
1.9133911059643256e+14 5.7008573632175863e-01 3.4412713303043305e+00
1.9138088769481606e+14 5.7270039042081788e-01 3.4957224221477889e+00
1.9142266479319956e+14 5.7526895859756388e-01 3.5501944553646925e+00
1.9146444189158306e+14 5.7779099373456966e-01 3.6046865090310098e+00
1.9150621898996656e+14 5.8026606515610535e-01 3.6591977017933717e+00
1.9154799608835006e+14 5.8269375638738297e-01 3.7137271918273362e+00
1.9158977318673356e+14 5.8507366280762751e-01 3.7682741761564809e+00
1.9163155028511706e+14 5.8740538926672414e-01 3.8228378893211401e+00
1.9167332738350056e+14 5.8968854773781620e-01 3.8774176014070179e+00
1.9171510448188406e+14 5.9192275507863756e-01 3.9320126154626061e+00
1.9175688158026756e+14 5.9410763097234986e-01 3.9866222643553511e+00
1.9179865867865106e+14 5.9624279611427822e-01 4.0412459071336642e+00
1.9184043577703456e+14 5.9832787070433957e-01 4.0958829249780395e+00
1.9188221287541806e+14 6.0036247329637749e-01 4.1505327168388293e+00
1.9192398997380156e+14 6.0234622004516902e-01 4.2051946948675045e+00
1.9196576707218506e+14 6.0427872438013308e-01 4.2598682797569154e+00
1.9200754417056856e+14 6.0615959712182399e-01 4.3145528961090562e+00
1.9204932126895206e+14 6.0798844704380606e-01 4.3692479679493577e+00
1.9209109836733556e+14 6.0976488186874911e-01 4.4239529145025189e+00
1.9213287546571906e+14 6.1148850967410950e-01 4.4786671463388705e+00
1.9217465256410256e+14 6.1315894066990506e-01 4.5333900619882295e+00
1.9221642966248606e+14 6.1477578929940058e-01 4.5881210451062024e+00
1.9225820676086956e+14 6.1633867660333252e-01 4.6428594622610113e+00
1.9229998385925306e+14 6.1784723277985920e-01 4.6976046613906028e+00
1.9234176095763656e+14 6.1930109986625559e-01 4.7523559709610170e+00
1.9238353805602006e+14 6.2069993446441796e-01 4.8071126998346454e+00
1.9242531515440356e+14 6.2204341043084721e-01 4.8618741378376358e+00
1.9246709225278706e+14 6.2333122145295228e-01 4.9166395569942249e+00
1.9250886935117056e+14 6.2456308343711564e-01 4.9714082133761179e+00
1.9255064644955406e+14 6.2573873664008739e-01 5.0261793494980846e+00
1.9259242354793756e+14 6.2685794748351276e-01 5.0809521971736160e+00
1.9263420064632106e+14 6.2792051000166038e-01 5.1357259807330520e+00
1.9267597774470456e+14 6.2892624688423338e-01 5.1904999204956983e+00
1.9271775484308806e+14 6.2987501008920432e-01 5.2452732363814256e+00
1.9275953194147156e+14 6.3076668101444033e-01 5.3000451515439417e+00
1.9280130903985506e+14 6.3160117023101880e-01 5.3548148959097750e+00
1.9284308613823856e+14 6.3237841679513873e-01 5.4095817095098981e+00
1.9288486323662206e+14 6.3309838716884215e-01 5.4643448455005874e+00
1.9292664033500556e+14 6.3376107379206215e-01 5.5191035727803444e+00
1.9296841743338906e+14 6.3436649335930329e-01 5.5738571781239266e+00
1.9301019453177256e+14 6.3491468486318225e-01 5.6286049677718726e+00
1.9305197163015606e+14 6.3540570747385605e-01 5.6833462684307454e+00
1.9309374872853956e+14 6.3583963832784718e-01 5.7380804276604351e+00
1.9313552582692306e+14 6.3621657030166912e-01 5.7928068136442725e+00
1.9317730292530656e+14 6.3653660984510296e-01 5.8475248143578815e+00
1.9321908002369006e+14 6.3679987494582735e-01 5.9022338361730879e+00
1.9326085712207356e+14 6.3700649329160008e-01 5.9569333019499036e+00
1.9330263422045706e+14 6.3715660068847013e-01 6.0116226486875304e+00
1.9334441131884056e+14 6.3725033978384704e-01 6.0663013248181885e+00
1.9338618841722406e+14 6.3728785913204267e-01 6.1209687872391907e+00
1.9342796551560756e+14 6.3726931262740127e-01 6.1756244981861812e+00
1.9346974261399106e+14 6.3719485931697539e-01 6.2302679220558010e+00
1.9351151971237456e+14 6.3706466359108027e-01 6.2848985222855624e+00
1.9355329681075806e+14 6.3687889573667866e-01 6.3395157583974866e+00
1.9359507390914156e+14 6.3663773282567715e-01 6.3941190833050987e+00
1.9359660086208747e+14 6.3662787132769738e-01 6.3961145641924722e+00
1.9363532405457916e+14 6.3635314606664672e-01 6.4467129946634349e+00
1.9363685100752506e+14 6.3634134251381269e-01 6.4487079573241992e+00
1.9367862810590856e+14 6.3598992146533717e-01 6.5032818084590760e+00
1.9372040520429209e+14 6.3558369352929400e-01 6.5578400400303458e+00
1.9376218230267559e+14 6.3512287720740745e-01 6.6123820603818109e+00
1.9380395940105909e+14 6.3460770551434786e-01 6.6669072644241467e+00
1.9384573649944259e+14 6.3403842774766350e-01 6.7214150339150018e+00
1.9388751359782609e+14 6.3341531116469374e-01 6.7759047383055897e+00
1.9392929069620959e+14 6.3273864249849565e-01 6.8303757361225417e+00
1.9397106779459309e+14 6.3200872925035179e-01 6.8848273768342132e+00
1.9401284489297659e+14 6.3122590070416962e-01 6.9392590031354286e+00
1.9405462199136009e+14 6.3039050861768864e-01 6.9936699535692490e+00
1.9409639908974359e+14 6.2950292755660464e-01 7.0480595653925926e+00
1.9413817618812709e+14 6.2856355485010762e-01 7.1024271775846319e+00
1.9417995328651059e+14 6.2757281015942123e-01 7.1567721338900441e+00
1.9422173038489409e+14 6.2653113466436328e-01 7.2110937857888597e+00
1.9426350748327759e+14 6.2543898988618674e-01 7.2653914952856233e+00
1.9430528458166109e+14 6.2429685617756259e-01 7.3196646374159098e+00
1.9434706168004459e+14 6.2310523092214820e-01 7.3739126023778621e+00
1.9438883877842809e+14 6.2186462649628582e-01 7.4281347972067833e+00
1.9443061587681159e+14 6.2057556805367831e-01 7.4823306469268260e+00
1.9447239297519509e+14 6.1923859120013280e-01 7.5364995951298113e+00
1.9451417007357859e+14 6.1785423962942798e-01 7.5906411039499950e+00
1.9455594717196209e+14 6.1642306279289405e-01 7.6447546534228907e+00
1.9459772427034559e+14 6.1494561367439238e-01 7.6988397402372470e+00
1.9463950136872909e+14 6.1342244673906898e-01 7.7528958759075737e+00
1.9468127846711259e+14 6.1185411611866281e-01 7.8069225844152133e+00
1.9472305556549609e+14 6.1024117408838741e-01 7.8609193993826585e+00
1.9476483266387959e+14 6.0858416988094866e-01 7.9148858608613661e+00
1.9480660976226309e+14 6.0688364887213542e-01 7.9688215118271950e+00
1.9484838686064659e+14 6.0514015216033490e-01 8.0227258944862623e+00
1.9489016395903009e+14 6.0335421654935129e-01 8.0765985465021810e+00
1.9493194105741359e+14 6.0152637493078520e-01 8.1304389972582456e+00
1.9497371815579709e+14 5.9965715704913658e-01 8.1842467642679928e+00
1.9501549525418059e+14 5.9774709062038922e-01 8.2380213498433879e+00
1.9505727235256409e+14 5.9579670276327312e-01 8.2917622381234590e+00
1.9509904945094759e+14 5.9380652169238979e-01 8.3454688925538534e+00
1.9514082654933109e+14 5.9177707861385220e-01 8.3991407538958018e+00
1.9518260364771459e+14 5.8970890975771217e-01 8.4527772388259947e+00
1.9522438074609809e+14 5.8760255847709852e-01 8.5063777391706523e+00
1.9526615784448159e+14 5.8545857734202000e-01 8.5599416217984849e+00
1.9530793494286509e+14 5.8327753015617989e-01 8.6134682291752753e+00
1.9534971204124859e+14 5.8105999382782247e-01 8.6669568805638502e+00
1.9539148913963209e+14 5.7880656003061237e-01 8.7204068738322675e+00
1.9543326623801559e+14 5.7651783659757383e-01 8.7738174878141351e+00
1.9547504333639909e+14 5.7419444859992397e-01 8.8271879851487149e+00
1.9551682043478259e+14 5.7183703907307126e-01 8.8805176155120620e+00
1.9555859753316609e+14 5.6944626936351284e-01 8.9338056191398021e+00
1.9560037463154959e+14 5.6702281908272201e-01 8.9870512305324510e+00
1.9564215172993309e+14 5.6456738566678588e-01 9.0402536822288688e+00
1.9568392882831659e+14 5.6208068355316776e-01 9.0934122085314186e+00
1.9572570592670009e+14 5.5956344299807792e-01 9.1465260490689921e+00
1.9576748302508359e+14 5.5701640856924117e-01 9.1995944520881512e+00
1.9580926012346709e+14 5.5444033735881482e-01 9.2526166773730090e+00
1.9585103722185059e+14 5.5183599696966534e-01 9.3055919987056619e+00
1.9589281432023409e+14 5.4920416333485267e-01 9.3585197057940039e+00
1.9593459141861759e+14 5.4654561843467531e-01 9.4113991056115083e+00
1.9597636851700109e+14 5.4386114797819318e-01 9.4642295231112605e+00
1.9601814561538459e+14 5.4115153911622071e-01 9.5170103012977769e+00
1.9605992271376809e+14 5.3841757825091485e-01 9.5697408006599733e+00
1.9610169981215159e+14 5.3566004900296349e-01 9.6224203979891882e+00
1.9614347691053512e+14 5.3287973039140768e-01 9.6750484846255453e+00
1.9618525400891862e+14 5.3007739527339659e-01 9.7276244641945055e+00
1.9622703110730212e+14 5.2725380908204589e-01 9.7801477499110661e+00
1.9626880820568562e+14 5.2440972889034743e-01 9.8326177615426822e+00
1.9631058530406912e+14 5.2154590281794555e-01 9.8850339221330685e+00
1.9635236240245262e+14 5.1866306978637977e-01 9.9373956545958784e+00
1.9639413950083612e+14 5.1576195961674665e-01 9.9897023782918950e+00
1.9643591659921962e+14 5.1284329345289159e-01 1.0041953505702445e+01
1.9647769369760312e+14 5.0990778448276441e-01 1.0094148439309702e+01
1.9651947079598662e+14 5.0695613892134184e-01 1.0146286568786916e+01
1.9656124789437012e+14 5.0398905721061227e-01 1.0198367268591465e+01
1.9660302499275362e+14 5.0100723538565350e-01 1.0250389896041455e+01
1.9664480209113712e+14 4.9801136655138395e-01 1.0302353789939483e+01
1.9668657918952062e+14 4.9500214241175311e-01 1.0354258269791046e+01
1.9672835628790412e+14 4.9198025479249036e-01 1.0406102635645171e+01
1.9677013338628762e+14 4.8894639709972154e-01 1.0457886168565231e+01
1.9681191048467112e+14 4.8590126565992514e-01 1.0509608131717570e+01
1.9685368758305462e+14 4.8284556089154468e-01 1.0561267772046683e+01
1.9689546468143812e+14 4.7977998826510210e-01 1.0612864322485867e+01
1.9693724177982162e+14 4.7670525901643462e-01 1.0664397004636747e+01
1.9697901887820512e+14 4.7362209058653698e-01 1.0715865031835758e+01
1.9702079597658862e+14 4.7053120677117849e-01 1.0767267612513743e+01
1.9706257307497212e+14 4.6743333757339967e-01 1.0818603953746935e+01
1.9710435017335562e+14 4.6432921876221589e-01 1.0869873264890781e+01
1.9714612727173912e+14 4.6121959115061906e-01 1.0921074761187661e+01
1.9718790437012262e+14 4.5810519961522128e-01 1.0972207667240598e+01
1.9722968146850612e+14 4.5498679188825980e-01 1.1023271220250640e+01
1.9727145856688962e+14 4.5186511715983579e-01 1.1074264672924146e+01
1.9731323566527312e+14 4.4874092453401287e-01 1.1125187295968786e+01
1.9735501276365662e+14 4.4561496138670725e-01 1.1176038380110271e+01
1.9739678986204012e+14 4.4248797167574888e-01 1.1226817237579880e+01
1.9743856696042362e+14 4.3936069425435892e-01 1.1277523203040563e+01
1.9748034405880712e+14 4.3623386123833624e-01 1.1328155633938781e+01
1.9752212115719062e+14 4.3310819647463572e-01 1.1378713910289942e+01
1.9756389825557412e+14 4.2998441415487715e-01 1.1429197433923607e+01
1.9760567535395762e+14 4.2686321761172119e-01 1.1479605627234681e+01
1.9764745245234112e+14 4.2374529832937607e-01 1.1529937931503550e+01
1.9768922955072462e+14 4.2063133519174195e-01 1.1580193804863091e+01
1.9773100664910812e+14 4.1752199398334838e-01 1.1630372720004223e+01
1.9777278374749162e+14 4.1441792714959047e-01 1.1680474161719930e+01
1.9781456084587512e+14 4.1131977381381407e-01 1.1730497624395593e+01
1.9785633794425862e+14 4.0822816004028434e-01 1.1780442609555564e+01
1.9789811504264212e+14 4.0514369932387306e-01 1.1830308623575750e+01
1.9793989214102562e+14 4.0206699327996359e-01 1.1880095175667311e+01
1.9798166923940912e+14 3.9899863250159162e-01 1.1929801776229860e+01
1.9802344633779262e+14 3.9593919754571200e-01 1.1979427935660313e+01
1.9806522343617612e+14 3.9288926000647556e-01 1.2028973163690988e+01
1.9810700053455962e+14 3.8984938363099386e-01 1.2078436969313795e+01
1.9814877763294312e+14 3.8682012543211047e-01 1.2127818861329004e+01
1.9819055473132662e+14 3.8380203675319624e-01 1.2177118349538411e+01
1.9823233182971012e+14 3.8079566424209094e-01 1.2226334946581153e+01
1.9827410892809362e+14 3.7780155069465726e-01 1.2275468170391328e+01
1.9831588602647712e+14 3.7482023573310203e-01 1.2324517547236077e+01
1.9835766312486062e+14 3.7185225629001423e-01 1.2373482615274179e+01
1.9839944022324412e+14 3.6889814687562206e-01 1.2422362928559172e+01
1.9844121732162762e+14 3.6595843961316099e-01 1.2471158061395204e+01
1.9848299442001112e+14 3.6303366403489457e-01 1.2519867612943594e+01
1.9852477151839462e+14 3.6012434663914311e-01 1.2568491211968713e+01
1.9856654861677812e+14 3.5723101021646025e-01 1.2617028521607272e+01
1.9860832571516162e+14 3.5435417296043276e-01 1.2665479244043334e+01
1.9865010281354512e+14 3.5149434738533009e-01 1.2713843124974591e+01
1.9869187991192862e+14 3.4865203907882775e-01 1.2762119957760010e+01
1.9873365701031212e+14 3.4582774532293103e-01 1.2810309587149696e+01
1.9877543410869566e+14 3.4302195362010390e-01 1.2858411912509492e+01
1.9881721120707916e+14 3.4023514016418660e-01 1.2906426890467831e+01
1.9885898830546266e+14 3.3746776829689795e-01 1.2954354536931197e+01
1.9890076540384616e+14 3.3472028699084871e-01 1.3002194928431084e+01
1.9894254250222966e+14 3.3199312939849634e-01 1.3049948202787913e+01
1.9898431960061316e+14 3.2928671150406014e-01 1.3097614559096419e+01
1.9902609669899666e+14 3.2660143091167715e-01 1.3145194257057595e+01
1.9906787379738016e+14 3.2393766579853411e-01 1.3192687615701530e+01
1.9910965089576366e+14 3.2129577405614257e-01 1.3240095011563691e+01
1.9915142799414716e+14 3.1867609263703489e-01 1.3287416876391861e+01
1.9919320509253066e+14 3.1607893711752949e-01 1.3334653694475161e+01
1.9923498219091416e+14 3.1350460148065501e-01 1.3381805999695967e+01
1.9927675928929766e+14 3.1095335811662095e-01 1.3428874372412288e+01
1.9931853638768116e+14 3.0842545803180638e-01 1.3475859436282082e+01
1.9936031348606466e+14 3.0592113125123815e-01 1.3522761855139372e+01
1.9940209058444816e+14 3.0344058739413543e-01 1.3569582330029082e+01
1.9944386768283166e+14 3.0098401639743405e-01 1.3616321596499455e+01
1.9948564478121516e+14 2.9855158935851805e-01 1.3662980422240004e+01
1.9952742187959866e+14 2.9614345946551790e-01 1.3709559605140019e+01
1.9956919897798216e+14 2.9375976298200840e-01 1.3756059971825321e+01
1.9961097607636566e+14 2.9140062025217078e-01 1.3802482376714146e+01
1.9965275317474916e+14 2.8906613669309478e-01 1.3848827701612795e+01
1.9969453027313266e+14 2.8675640374236877e-01 1.3895096855852035e+01
1.9973630737151616e+14 2.8447149973169816e-01 1.3941290776944477e+01
1.9977808446989966e+14 2.8221149066064921e-01 1.3987410431724797e+01
1.9981986156828316e+14 2.7997643084886742e-01 1.4033456817914512e+01
1.9986163866666666e+14 2.7776636344986483e-01 1.4079430966038215e+01
("port 2","mode 1",1,"port 1",1,"transmission")
(302, 3)
1.8737028625000000e+14 2.0988602551259949e-01 -1.3646669243146341e+00
1.8741206334838350e+14 2.1248264658966548e-01 -1.3209670042396127e+00
1.8745384044676700e+14 2.1512095403960887e-01 -1.2770728588539231e+00
1.8749561754515050e+14 2.1780042433631500e-01 -1.2329845822701324e+00
1.8753739464353400e+14 2.2052051463639435e-01 -1.1887024899014438e+00
1.8757917174191750e+14 2.2328066400402591e-01 -1.1442271047016230e+00
1.8762094884030100e+14 2.2608029457941947e-01 -1.0995591435260059e+00
1.8766272593868450e+14 2.2891881268931324e-01 -1.0546995036872344e+00
1.8770450303706800e+14 2.3179560989844947e-01 -1.0096492497690921e+00
1.8774628013545150e+14 2.3471006400152439e-01 -9.6440960075416304e-01
1.8778805723383500e+14 2.3766153995539790e-01 -9.1898191751268699e-01
1.8782983433221850e+14 2.4064939075189082e-01 -8.7336769069175979e-01
1.8787161143060200e+14 2.4367295823170013e-01 -8.2756852903807598e-01
1.8791338852898550e+14 2.4673157384039734e-01 -7.8158614817937444e-01
1.8795516562736900e+14 2.4982455932758874e-01 -7.3542235988457738e-01
1.8799694272575250e+14 2.5295122739068016e-01 -6.8907906181670664e-01
1.8803871982413600e+14 2.5611088226477818e-01 -6.4255822778724703e-01
1.8808049692251950e+14 2.5930282026044349e-01 -5.9586189851712690e-01
1.8812227402090300e+14 2.6252633025115185e-01 -5.4899217290435653e-01
1.8816405111928650e+14 2.6578069411240113e-01 -5.0195119979545644e-01
1.8820582821767000e+14 2.6906518711449057e-01 -4.5474117025476141e-01
1.8824760531605350e+14 2.7237907827102392e-01 -4.0736431032293957e-01
1.8828938241443700e+14 2.7572163064530086e-01 -3.5982287425341830e-01
1.8833115951282050e+14 2.7909210161663572e-01 -3.1211913821469606e-01
1.8837293661120400e+14 2.8248974310883779e-01 -2.6425539444372859e-01
1.8841471370958750e+14 2.8591380178291148e-01 -2.1623394583503980e-01
1.8845649080797100e+14 2.8936351919610176e-01 -1.6805710094947415e-01
1.8849826790635450e+14 2.9283813192941460e-01 -1.1972716942483105e-01
1.8854004500473800e+14 2.9633687168559059e-01 -7.1246457771653754e-02
1.8858182210312150e+14 2.9985896535960499e-01 -2.2617265535726881e-02
1.8862359920150500e+14 3.0340363508364127e-01 2.6158118190352048e-02
1.8866537629988853e+14 3.0697009824846755e-01 7.5077417924571621e-02
1.8870715339827203e+14 3.1055756750306385e-01 1.2413837463913155e-01
1.8874893049665553e+14 3.1416525073440410e-01 1.7333874830885959e-01
1.8879070759503903e+14 3.1779235102905296e-01 2.2267632018000361e-01
1.8883248469342253e+14 3.2143806661838037e-01 2.7214889477718851e-01
1.8887426179180603e+14 3.2510159080904061e-01 3.2175430166424268e-01
1.8891603889018953e+14 3.2878211190030698e-01 3.7149039697438480e-01
1.8895781598857303e+14 3.3247881308986776e-01 4.2135506472543788e-01
1.8899959308695653e+14 3.3619087236957451e-01 4.7134621793362275e-01
1.8904137018534003e+14 3.3991746241260073e-01 5.2146179954042859e-01
1.8908314728372353e+14 3.4365775045346858e-01 5.7169978316550552e-01
1.8912492438210703e+14 3.4741089816229187e-01 6.2205817369823035e-01
1.8916670148049053e+14 3.5117606151456382e-01 6.7253500773962338e-01
1.8920847857887403e+14 3.5495239065782647e-01 7.2312835390655084e-01
1.8925025567725753e+14 3.5873902977642619e-01 7.7383631300813238e-01
1.8929203277564103e+14 3.6253511695560126e-01 8.2465701810505798e-01
1.8933380987402453e+14 3.6633978404608447e-01 8.7558863446115298e-01
1.8937558697240803e+14 3.7015215653034728e-01 9.2662935939596092e-01
1.8941736407079153e+14 3.7397135339165766e-01 9.7777742204736928e-01
1.8945914116917503e+14 3.7779648698697482e-01 1.0290310830514038e+00
1.8950091826755853e+14 3.8162666292479835e-01 1.0803886341471824e+00
1.8954269536594203e+14 3.8546097994896933e-01 1.1318483977138174e+00
1.8958447246432553e+14 3.8929852982945934e-01 1.1834087262454529e+00
1.8962624956270903e+14 3.9313839726114264e-01 1.2350680017712110e+00
1.8966802666109253e+14 3.9697965977147398e-01 1.2868246352247903e+00
1.8970980375947603e+14 4.0082138763807651e-01 1.3386770657696452e+00
1.8975158085785953e+14 4.0466264381711903e-01 1.3906237600843674e+00
1.8979335795624303e+14 4.0850248388342114e-01 1.4426632116129439e+00
1.8983513505462653e+14 4.1233995598313261e-01 1.4947939397838514e+00
1.8987691215301003e+14 4.1617410079992828e-01 1.5470144892025512e+00
1.8991868925139353e+14 4.2000395153548431e-01 1.5993234288202394e+00
1.8996046634977703e+14 4.2382853390513886e-01 1.6517193510828505e+00
1.9000224344816053e+14 4.2764686614951675e-01 1.7042008710632612e+00
1.9004402054654403e+14 4.3145795906292467e-01 1.7567666255794563e+00
1.9008579764492753e+14 4.3526081603931815e-01 1.8094152723019272e+00
1.9012757474331103e+14 4.3905443313656978e-01 1.8621454888520854e+00
1.9016935184169453e+14 4.4283779915980143e-01 1.9149559718946068e+00
1.9021112894007803e+14 4.4660989576451177e-01 1.9678454362257203e+00
1.9025290603846153e+14 4.5036969758013268e-01 2.0208126138592766e+00
1.9029468313684503e+14 4.5411617235484036e-01 2.0738562531130387e+00
1.9033646023522853e+14 4.5784828112207321e-01 2.1269751176963276e+00
1.9037823733361203e+14 4.6156497838955574e-01 2.1801679858010803e+00
1.9042001443199553e+14 4.6526521235133189e-01 2.2334336491977957e+00
1.9046179153037903e+14 4.6894792512340400e-01 2.2867709123378694e+00
1.9050356862876253e+14 4.7261205300350057e-01 2.3401785914634319e+00
1.9054534572714603e+14 4.7625652675550301e-01 2.3936555137266278e+00
1.9058712282552953e+14 4.7988027191895266e-01 2.4472005163187824e+00
1.9062889992391303e+14 4.8348220914407647e-01 2.5008124456112020e+00
1.9067067702229653e+14 4.8706125455273197e-01 2.5544901563085505e+00
1.9071245412068003e+14 4.9061632012555079e-01 2.6082325106156974e+00
1.9075423121906353e+14 4.9414631411563231e-01 2.6620383774196315e+00
1.9079600831744703e+14 4.9765014148895076e-01 2.7159066314866704e+00
1.9083778541583053e+14 5.0112670439168383e-01 2.7698361526764992e+00
1.9087956251421403e+14 5.0457490264457383e-01 2.8238258251737651e+00
1.9092133961259753e+14 5.0799363426436650e-01 2.8778745367381720e+00
1.9096311671098103e+14 5.1138179601229594e-01 2.9319811779737472e+00
1.9100489380936453e+14 5.1473828396957333e-01 2.9861446416187372e+00
1.9104667090774803e+14 5.1806199413965948e-01 3.0403638218561313e+00
1.9108844800613153e+14 5.2135182307713812e-01 3.0946376136463098e+00
1.9113022510451506e+14 5.2460666854284099e-01 3.1489649120823535e+00
1.9117200220289856e+14 5.2782543018481021e-01 3.2033446117684625e+00
1.9121377930128206e+14 5.3100701024469477e-01 3.2577756062233791e+00
1.9125555639966556e+14 5.3415031428888760e-01 3.3122567873079651e+00
1.9129733349804906e+14 5.3725425196382159e-01 3.3667870446789094e+00
1.9133911059643256e+14 5.4031773777464387e-01 3.4213652652687614e+00
1.9138088769481606e+14 5.4333969188638243e-01 3.4759903327928554e+00
1.9142266479319956e+14 5.4631904094672268e-01 3.5306611272843962e+00
1.9146444189158306e+14 5.4925471892925437e-01 3.5853765246574780e+00
1.9150621898996656e+14 5.5214566799610931e-01 3.6401353962993093e+00
1.9154799608835006e+14 5.5499083937871552e-01 3.6949366086919233e+00
1.9158977318673356e+14 5.5778919427531404e-01 3.7497790230639856e+00
1.9163155028511706e+14 5.6053970476379000e-01 3.8046614950730739e+00
1.9167332738350056e+14 5.6324135472831305e-01 3.8595828745192580e+00
1.9171510448188406e+14 5.6589314079809172e-01 3.9145420050898383e+00
1.9175688158026756e+14 5.6849407329654544e-01 3.9695377241360639e+00
1.9179865867865106e+14 5.7104317719906272e-01 4.0245688624819866e+00
1.9184043577703456e+14 5.7353949309744512e-01 4.0796342442655167e+00
1.9188221287541806e+14 5.7598207816902591e-01 4.1347326868124945e+00
1.9192398997380156e+14 5.7837000714842401e-01 4.1898630005431041e+00
1.9196576707218506e+14 5.8070237329976993e-01 4.2450239889113064e+00
1.9200754417056856e+14 5.8297828938719976e-01 4.3002144483771172e+00
1.9204932126895206e+14 5.8519688864136943e-01 4.3554331684116807e+00
1.9209109836733556e+14 5.8735732571965649e-01 4.4106789315348394e+00
1.9213287546571906e+14 5.8945877765769483e-01 4.4659505133855433e+00
1.9217465256410256e+14 5.9150044480983766e-01 4.5212466828240760e+00
1.9221642966248606e+14 5.9348155177614115e-01 4.5765662020663065e+00
1.9225820676086956e+14 5.9540134831340752e-01 4.6319078268493241e+00
1.9229998385925306e+14 5.9725911022785749e-01 4.6872703066277595e+00
1.9234176095763656e+14 5.9905414024697379e-01 4.7426523848008246e+00
1.9238353805602006e+14 6.0078576886809820e-01 4.7980527989684694e+00
1.9242531515440356e+14 6.0245335518134080e-01 4.8534702812166657e+00
1.9246709225278706e+14 6.0405628766446506e-01 4.9089035584306426e+00
1.9250886935117056e+14 6.0559398494738803e-01 4.9643513526349583e+00
1.9255064644955406e+14 6.0706589654404564e-01 5.0198123813601025e+00
1.9259242354793756e+14 6.0847150354939827e-01 5.0752853580336081e+00
1.9263420064632106e+14 6.0981031929945040e-01 5.1307689923952378e+00
1.9267597774470456e+14 6.1108188999226176e-01 5.1862619909346765e+00
1.9271775484308806e+14 6.1228579526798732e-01 5.2417630573505924e+00
1.9275953194147156e+14 6.1342164874612293e-01 5.2972708930293884e+00
1.9280130903985506e+14 6.1448909851824984e-01 5.3527841975428929e+00
1.9284308613823856e+14 6.1548782759468534e-01 5.4083016691626318e+00
1.9288486323662206e+14 6.1641755430357925e-01 5.4638220053897832e+00
1.9292664033500556e+14 6.1727803264118031e-01 5.5193439034990970e+00
1.9296841743338906e+14 6.1806905257207512e-01 5.5748660610947569e+00
1.9301019453177256e+14 6.1879044027844854e-01 5.6303871766773996e+00
1.9305197163015606e+14 6.1944205835748622e-01 5.6859059502195786e+00
1.9309374872853956e+14 6.2002380596627915e-01 5.7414210837486568e+00
1.9313552582692306e+14 6.2053561891373055e-01 5.7969312819352190e+00
1.9317730292530656e+14 6.2097746969912615e-01 5.8524352526849857e+00
1.9321908002369006e+14 6.2134936749723968e-01 5.9079317077331996e+00
1.9326085712207356e+14 6.2165135808998429e-01 5.9634193632388097e+00
1.9330263422045706e+14 6.2188352374484446e-01 6.0188969403774850e+00
1.9334441131884056e+14 6.2204598304042458e-01 6.0743631659313655e+00
1.9338618841722406e+14 6.2213889063971228e-01 6.1298167728740207e+00
1.9342796551560756e+14 6.2216243701175744e-01 6.1852565009487224e+00
1.9346974261399106e+14 6.2211684810265677e-01 6.2406810972389888e+00
1.9351151971237456e+14 6.2200238495689986e-01 6.2960893167290317e+00
1.9355329681075806e+14 6.2181934329029376e-01 6.3514799228531924e+00
1.9359507390914156e+14 6.2156805301579399e-01 6.4068516880327016e+00
1.9359660086208747e+14 6.2155758009849094e-01 6.4088751534527857e+00
1.9363532405457916e+14 6.2126166868560972e-01 6.4601806202968737e+00
1.9363685100752506e+14 6.2124880680400829e-01 6.4622033553193043e+00
1.9367862810590856e+14 6.2086199627434813e-01 6.5175337289472175e+00
1.9372040520429209e+14 6.2040812039475568e-01 6.5728416551166502e+00
1.9376218230267559e+14 6.1988764091141790e-01 6.6281259481452350e+00
1.9380395940105909e+14 6.1930105078576470e-01 6.6833854337327292e+00
1.9384573649944259e+14 6.1864887347113096e-01 6.7386189493908306e+00
1.9388751359782609e+14 6.1793166215514894e-01 6.7938253448520687e+00
1.9392929069620959e+14 6.1714999897007372e-01 6.8490034824573502e+00
1.9397106779459309e+14 6.1630449417338107e-01 6.9041522375205044e+00
1.9401284489297659e+14 6.1539578530096783e-01 6.9592704986698743e+00
1.9405462199136009e+14 6.1442453629536531e-01 7.0143571681660823e+00
1.9409639908974359e+14 6.1339143661137430e-01 7.0694111621953066e+00
1.9413817618812709e+14 6.1229720030158374e-01 7.1244314111382971e+00
1.9417995328651059e+14 6.1114256508422715e-01 7.1794168598139541e+00
1.9422173038489409e+14 6.0992829139579297e-01 7.2343664676979147e+00
1.9426350748327759e+14 6.0865516143088394e-01 7.2892792091157883e+00
1.9430528458166109e+14 6.0732397817168537e-01 7.3441540734108015e+00
1.9434706168004459e+14 6.0593556440945096e-01 7.3989900650865152e+00
1.9438883877842809e+14 6.0449076176034344e-01 7.4537862039239426e+00
1.9443061587681159e+14 6.0299042967792471e-01 7.5085415250738627e+00
1.9447239297519509e+14 6.0143544446451302e-01 7.5632550791244189e+00
1.9451417007357859e+14 5.9982669828359014e-01 7.6179259321444128e+00
1.9455594717196209e+14 5.9816509817535690e-01 7.6725531657025217e+00
1.9459772427034559e+14 5.9645156507742814e-01 7.7271358768635618e+00
1.9463950136872909e+14 5.9468703285264612e-01 7.7816731781615083e+00
1.9468127846711259e+14 5.9287244732581157e-01 7.8361641975506178e+00
1.9472305556549609e+14 5.9100876533112345e-01 7.8906080783350374e+00
1.9476483266387959e+14 5.8909695377196269e-01 7.9450039790775087e+00
1.9480660976226309e+14 5.8713798869458700e-01 7.9993510734885840e+00
1.9484838686064659e+14 5.8513285437719043e-01 8.0536485502963195e+00
1.9489016395903009e+14 5.8308254243569180e-01 8.1078956130980018e+00
1.9493194105741359e+14 5.8098805094748851e-01 8.1620914801945563e+00
1.9497371815579709e+14 5.7885038359433694e-01 8.2162353844086606e+00
1.9501549525418059e+14 5.7667054882539059e-01 8.2703265728873170e+00
1.9505727235256409e+14 5.7444955904133654e-01 8.3243643068904802e+00
1.9509904945094759e+14 5.7218842980047457e-01 8.3783478615659881e+00
1.9514082654933109e+14 5.6988817904745837e-01 8.4322765257123784e+00
1.9518260364771459e+14 5.6754982636534956e-01 8.4861496015305171e+00
1.9522438074609809e+14 5.6517439225152255e-01 8.5399664043648453e+00
1.9526615784448159e+14 5.6276289741782881e-01 8.5937262624359594e+00
1.9530793494286509e+14 5.6031636211543723e-01 8.6474285165647551e+00
1.9534971204124859e+14 5.5783580548455680e-01 8.7010725198898555e+00
1.9539148913963209e+14 5.5532224492924587e-01 8.7546576375791521e+00
1.9543326623801559e+14 5.5277669551741504e-01 8.8081832465363643e+00
1.9547504333639909e+14 5.5020016940601169e-01 8.8616487351042625e+00
1.9551682043478259e+14 5.4759367529136915e-01 8.9150535027647990e+00
1.9555859753316609e+14 5.4495821788458110e-01 8.9683969598378148e+00
1.9560037463154959e+14 5.4229479741170805e-01 9.0216785271790911e+00
1.9564215172993309e+14 5.3960440913858332e-01 9.0748976358788411e+00
1.9568392882831659e+14 5.3688804291989500e-01 9.1280537269614292e+00
1.9572570592670009e+14 5.3414668277219168e-01 9.1811462510878883e+00
1.9576748302508359e+14 5.3138130647041881e-01 9.2341746682613799e+00
1.9580926012346709e+14 5.2859288516749436e-01 9.2871384475372096e+00
1.9585103722185059e+14 5.2578238303648039e-01 9.3400370667380628e+00
1.9589281432023409e+14 5.2295075693478366e-01 9.3928700121752442e+00
1.9593459141861759e+14 5.2009895608981682e-01 9.4456367783773452e+00
1.9597636851700109e+14 5.1722792180556598e-01 9.4983368678264970e+00
1.9601814561538459e+14 5.1433858718940650e-01 9.5509697907035900e+00
1.9605992271376809e+14 5.1143187689853686e-01 9.6035350646431237e+00
1.9610169981215159e+14 5.0850870690537109e-01 9.6560322144985538e+00
1.9614347691053512e+14 5.0556998428122224e-01 9.7084607721187410e+00
1.9618525400891862e+14 5.0261660699755528e-01 9.7608202761366645e+00
1.9622703110730212e+14 4.9964946374412789e-01 9.8131102717709524e+00
1.9626880820568562e+14 4.9666943376332295e-01 9.8653303106407737e+00
1.9631058530406912e+14 4.9367738669990269e-01 9.9174799505952365e+00
1.9635236240245262e+14 4.9067418246554850e-01 9.9695587555575624e+00
1.9639413950083612e+14 4.8766067111736733e-01 1.0021566295385366e+01
1.9643591659921962e+14 4.8463769274972379e-01 1.0073502145746929e+01
1.9647769369760312e+14 4.8160607739864703e-01 1.0125365888014747e+01
1.9651947079598662e+14 4.7856664495807266e-01 1.0177157109176743e+01
1.9656124789437012e+14 4.7552020510728921e-01 1.0228875401765666e+01
1.9660302499275362e+14 4.7246755724877670e-01 1.0280520363807787e+01
1.9664480209113712e+14 4.6940949045585395e-01 1.0332091598790800e+01
1.9668657918952062e+14 4.6634678342936770e-01 1.0383588715652019e+01
1.9672835628790412e+14 4.6328020446280249e-01 1.0435011328787226e+01
1.9677013338628762e+14 4.6021051141511510e-01 1.0486359058080827e+01
1.9681191048467112e+14 4.5713845169068063e-01 1.0537631528957576e+01
1.9685368758305462e+14 4.5406476222564712e-01 1.0588828372456925e+01
1.9689546468143812e+14 4.5099016948016951e-01 1.0639949225329820e+01
1.9693724177982162e+14 4.4791538943583359e-01 1.0690993730158869e+01
1.9697901887820512e+14 4.4484112759770400e-01 1.0741961535502183e+01
1.9702079597658862e+14 4.4176807900044424e-01 1.0792852296061138e+01
1.9706257307497212e+14 4.3869692821788769e-01 1.0843665672872952e+01
1.9710435017335562e+14 4.3562834937556316e-01 1.0894401333527814e+01
1.9714612727173912e+14 4.3256300616563076e-01 1.0945058952411221e+01
1.9718790437012262e+14 4.2950155186370431e-01 1.0995638210971862e+01
1.9722968146850612e+14 4.2644462934706584e-01 1.1046138798015187e+01
1.9727145856688962e+14 4.2339287111381679e-01 1.1096560410022748e+01
1.9731323566527312e+14 4.2034689930245922e-01 1.1146902751498015e+01
1.9735501276365662e+14 4.1730732571151929e-01 1.1197165535338065e+01
1.9739678986204012e+14 4.1427475181875084e-01 1.1247348483231745e+01
1.9743856696042362e+14 4.1124976879952108e-01 1.1297451326084197e+01
1.9748034405880712e+14 4.0823295754401129e-01 1.1347473804467489e+01
1.9752212115719062e+14 4.0522488867283074e-01 1.1397415669097828e+01
1.9756389825557412e+14 4.0222612255074519e-01 1.1447276681338453e+01
1.9760567535395762e+14 3.9923720929812656e-01 1.1497056613728512e+01
1.9764745245234112e+14 3.9625868879990683e-01 1.1546755250537442e+01
1.9768922955072462e+14 3.9329109071167079e-01 1.1596372388344305e+01
1.9773100664910812e+14 3.9033493446264839e-01 1.1645907836642115e+01
1.9777278374749162e+14 3.8739072925540113e-01 1.1695361418465863e+01
1.9781456084587512e+14 3.8445897406192825e-01 1.1744732971044183e+01
1.9785633794425862e+14 3.8154015761603122e-01 1.1794022346473609e+01
1.9789811504264212e+14 3.7863475840175659e-01 1.1843229412414715e+01
1.9793989214102562e+14 3.7574324463775943e-01 1.1892354052808873e+01
1.9798166923940912e+14 3.7286607425745760e-01 1.1941396168615146e+01
1.9802344633779262e+14 3.7000369488489954e-01 1.1990355678565400e+01
1.9806522343617612e+14 3.6715654380624480e-01 1.2039232519936787e+01
1.9810700053455962e+14 3.6432504793680814e-01 1.2088026649340064e+01
1.9814877763294312e+14 3.6150962378368368e-01 1.2136738043521936e+01
1.9819055473132662e+14 3.5871067740386875e-01 1.2185366700180278e+01
1.9823233182971012e+14 3.5592860435800655e-01 1.2233912638789683e+01
1.9827410892809362e+14 3.5316378965974737e-01 1.2282375901435886e+01
1.9831588602647712e+14 3.5041660772082878e-01 1.2330756553656810e+01
1.9835766312486062e+14 3.4768742229200833e-01 1.2379054685287731e+01
1.9839944022324412e+14 3.4497658639994067e-01 1.2427270411308847e+01
1.9844121732162762e+14 3.4228444228020194e-01 1.2475403872691825e+01
1.9848299442001112e+14 3.3961132130668881e-01 1.2523455237243409e+01
1.9852477151839462e+14 3.3695754391754879e-01 1.2571424700442897e+01
1.9856654861677812e+14 3.3432341953795042e-01 1.2619312486270795e+01
1.9860832571516162e+14 3.3170924649996719e-01 1.2667118848025254e+01
1.9865010281354512e+14 3.2911531195987587e-01 1.2714844069123751e+01
1.9869187991192862e+14 3.2654189181322352e-01 1.2762488463886010e+01
1.9873365701031212e+14 3.2398925060803635e-01 1.2810052378295246e+01
1.9877543410869566e+14 3.2145764145654399e-01 1.2857536190734203e+01
1.9881721120707916e+14 3.1894730594588527e-01 1.2904940312691959e+01
1.9885898830546266e+14 3.1645847404818911e-01 1.2952265189439000e+01
1.9890076540384616e+14 3.1399136403055344e-01 1.2999511300665329e+01
1.9894254250222966e+14 3.1154618236540393e-01 1.3046679161079037e+01
1.9898431960061316e+14 3.0912312364175032e-01 1.3093769320961114e+01
1.9902609669899666e+14 3.0672237047786760e-01 1.3140782366672703e+01
1.9906787379738016e+14 3.0434409343602531e-01 1.3187718921110969e+01
1.9910965089576366e+14 3.0198845093974913e-01 1.3234579644110186e+01
1.9915142799414716e+14 2.9965558919430291e-01 1.3281365232783690e+01
1.9919320509253066e+14 2.9734564211094777e-01 1.3328076421803539e+01
1.9923498219091416e+14 2.9505873123562359e-01 1.3374713983614104e+01
1.9927675928929766e+14 2.9279496568267677e-01 1.3421278728575938e+01
1.9931853638768116e+14 2.9055444207425829e-01 1.3467771505037142e+01
1.9936031348606466e+14 2.8833724448609016e-01 1.3514193199328247e+01
1.9940209058444816e+14 2.8614344440017198e-01 1.3560544735678167e+01
1.9944386768283166e+14 2.8397310066512849e-01 1.3606827076048244e+01
1.9948564478121516e+14 2.8182625946482526e-01 1.3653041219881537e+01
1.9952742187959866e+14 2.7970295429585418e-01 1.3699188203765607e+01
1.9956919897798216e+14 2.7760320595456278e-01 1.3745269101005956e+01
1.9961097607636566e+14 2.7552702253419636e-01 1.3791285021108880e+01
1.9965275317474916e+14 2.7347439943276530e-01 1.3837237109172055e+01
1.9969453027313266e+14 2.7144531937219774e-01 1.3883126545181792e+01
1.9973630737151616e+14 2.6943975242932738e-01 1.3928954543215864e+01
1.9977808446989966e+14 2.6745765607924893e-01 1.3974722350552238e+01
1.9981986156828316e+14 2.6549897525151039e-01 1.4020431246682699e+01
1.9986163866666666e+14 2.6356364239961516e-01 1.4066082542232484e+01
("port 2","mode 1",1,"port 2",1,"transmission")
(302, 3)
1.8737028625000000e+14 4.6445370338050622e-02 -1.4876251133281373e+00
1.8741206334838350e+14 4.6059131576578628e-02 -1.4034533527944579e+00
1.8745384044676700e+14 4.5653889895954765e-02 -1.3200556842608346e+00
1.8749561754515050e+14 4.5231928719399232e-02 -1.2374936164166885e+00
1.8753739464353400e+14 4.4795734945900383e-02 -1.1558257186996763e+00
1.8757917174191750e+14 4.4347995363281774e-02 -1.0751069639535837e+00
1.8762094884030100e+14 4.3891589943285361e-02 -9.9538796101870797e-01
1.8766272593868450e+14 4.3429581392738566e-02 -9.1671407316909237e-01
1.8770450303706800e+14 4.2965200330478716e-02 -8.3912442327863923e-01
1.8774628013545150e+14 4.2501825481216476e-02 -7.6265079339631070e-01
1.8778805723383500e+14 4.2042958333960531e-02 -6.8731643516418472e-01
1.8782983433221850e+14 4.1592191813946348e-02 -6.1313481820155979e-01
1.8787161143060200e+14 4.1153172673056883e-02 -5.4010835590082373e-01
1.8791338852898550e+14 4.0729557522588021e-02 -4.6822716138626008e-01
1.8795516562736900e+14 4.0324962718376163e-02 -3.9746789960580081e-01
1.8799694272575250e+14 3.9942908660052831e-02 -3.2779281313321251e-01
1.8803871982413600e+14 3.9586759472922652e-02 -2.5914900734659913e-01
1.8808049692251950e+14 3.9259659481531373e-02 -1.9146808309990837e-01
1.8812227402090300e+14 3.8964468325083726e-02 -1.2466619977570829e-01
1.8816405111928650e+14 3.8703696962758910e-02 -5.8644637177753201e-02
1.8820582821767000e+14 3.8479447120896883e-02 6.7090994727057049e-03
1.8824760531605350e+14 3.8293356892073263e-02 7.1519620301640288e-02
1.8828938241443700e+14 3.8146555165075410e-02 1.3592146579130590e-01
1.8833115951282050e+14 3.8039627317875552e-02 2.0005646664688903e-01
1.8837293661120400e+14 3.7972594141682185e-02 2.6407075873304336e-01
1.8841471370958750e+14 3.7944905311068207e-02 3.2811159504515980e-01
1.8845649080797100e+14 3.7955447928830224e-02 3.9232411601017703e-01
1.8849826790635450e+14 3.8002569832051213e-02 4.5684824340281455e-01
1.8854004500473800e+14 3.8084116533920097e-02 5.2181585120050789e-01
1.8858182210312150e+14 3.8197479975901519e-02 5.8734834060832108e-01
1.8862359920150500e+14 3.8339656740596369e-02 6.5355471010780741e-01
1.8866537629988853e+14 3.8507313064379815e-02 7.2053016980497586e-01
1.8870715339827203e+14 3.8696853897924766e-02 7.8835530786207164e-01
1.8874893049665553e+14 3.8904493372214452e-02 8.5709577999265762e-01
1.8879070759503903e+14 3.9126324297407186e-02 9.2680246411220502e-01
1.8883248469342253e+14 3.9358384701042678e-02 9.9751200290744035e-01
1.8887426179180603e+14 3.9596719847474933e-02 1.0692476473875618e+00
1.8891603889018953e+14 3.9837438625165381e-02 1.1420203133258864e+00
1.8895781598857303e+14 4.0076763605278815e-02 1.2158297680395869e+00
1.8899959308695653e+14 4.0311074439086117e-02 1.2906658750715019e+00
1.8904137018534003e+14 4.0536944559943625e-02 1.3665098369935662e+00
1.8908314728372353e+14 4.0751171384290102e-02 1.4433353900087840e+00
1.8912492438210703e+14 4.0950800369280942e-02 1.5211099170069369e+00
1.8916670148049053e+14 4.1133143390275344e-02 1.5997954573618225e+00
1.8920847857887403e+14 4.1295791960098631e-02 1.6793496015982119e+00
1.8925025567725753e+14 4.1436625834410733e-02 1.7597262669387845e+00
1.8929203277564103e+14 4.1553817544039834e-02 1.8408763557465011e+00
1.8933380987402453e+14 4.1645833374219836e-02 1.9227483031913597e+00
1.8937558697240803e+14 4.1711431279526326e-02 2.0052885233683870e+00
1.8941736407079153e+14 4.1749656187057060e-02 2.0884417648576714e+00
1.8945914116917503e+14 4.1759833102928509e-02 2.1721513876167915e+00
1.8950091826755853e+14 4.1741558400749987e-02 2.2563595733773028e+00
1.8954269536594203e+14 4.1694689636849996e-02 2.3410074815763156e+00
1.8958447246432553e+14 4.1619334206028182e-02 2.4260353624540976e+00
1.8962624956270903e+14 4.1515837123621543e-02 2.5113826384138309e+00
1.8966802666109253e+14 4.1384768194020219e-02 2.5969879641566105e+00
1.8970980375947603e+14 4.1226908801742235e-02 2.6827892755380653e+00
1.8975158085785953e+14 4.1043238537978324e-02 2.7687238365825748e+00
1.8979335795624303e+14 4.0834921851904633e-02 2.8547282936536407e+00
1.8983513505462653e+14 4.0603294891321938e-02 2.9407387454256608e+00
1.8987691215301003e+14 4.0349852670282592e-02 3.0266908370241716e+00
1.8991868925139353e+14 4.0076236671482565e-02 3.1125198864763610e+00
1.8996046634977703e+14 3.9784222957824335e-02 3.1981610514208554e+00
1.9000224344816053e+14 3.9475710830208413e-02 3.2835495438156683e+00
1.9004402054654403e+14 3.9152712027170772e-02 3.3686209001053524e+00
1.9008579764492753e+14 3.8817340416637883e-02 3.4533113139009024e+00
1.9012757474331103e+14 3.8471802081448063e-02 3.5375580375939153e+00
1.9016935184169453e+14 3.8118385649264563e-02 3.6212998583897167e+00
1.9021112894007803e+14 3.7759452665943050e-02 3.7044776528749015e+00
1.9025290603846153e+14 3.7397427761108659e-02 3.7870350223253482e+00
1.9029468313684503e+14 3.7034788308873197e-02 3.8689190083802729e+00
1.9033646023522853e+14 3.6674053248467273e-02 3.9500808853453613e+00
1.9037823733361203e+14 3.6317770703484312e-02 4.0304770211660568e+00
1.9042001443199553e+14 3.5968504029061141e-02 4.1100697939905917e+00
1.9046179153037903e+14 3.5628815928695642e-02 4.1888285452887590e+00
1.9050356862876253e+14 3.5301250321498182e-02 4.2667305438735026e+00
1.9054534572714603e+14 3.4988311710976085e-02 4.3437619282215234e+00
1.9058712282552953e+14 3.4692441910738017e-02 4.4199185877033740e+00
1.9062889992391303e+14 3.4415994121835686e-02 4.4952069374041672e+00
1.9067067702229653e+14 3.4161204528429599e-02 4.5696445369761580e+00
1.9071245412068003e+14 3.3930161776662721e-02 4.6432605023529865e+00
1.9075423121906353e+14 3.3724774915704969e-02 4.7160956610816562e+00
1.9079600831744703e+14 3.3546740594171141e-02 4.7882024082344286e+00
1.9083778541583053e+14 3.3397510501106897e-02 4.8596442307566612e+00
1.9087956251421403e+14 3.3278260197013805e-02 4.9304948835591675e+00
1.9092133961259753e+14 3.3189860576525190e-02 5.0008372199320483e+00
1.9096311671098103e+14 3.3132853222645108e-02 5.0707617005200767e+00
1.9100489380936453e+14 3.3107430842189235e-02 5.1403646271709915e+00
1.9104667090774803e+14 3.3113423810811282e-02 5.2097461681143997e+00
1.9108844800613153e+14 3.3150293612483506e-02 5.2790082568231345e+00
1.9113022510451506e+14 3.3217133650423496e-02 5.3482524565867173e+00
1.9117200220289856e+14 3.3312677561178845e-02 5.4175778850571996e+00
1.9121377930128206e+14 3.3435314811671467e-02 5.4870792875314125e+00
1.9125555639966556e+14 3.3583113031758004e-02 5.5568453352276341e+00
1.9129733349804906e+14 3.3753846259577308e-02 5.6269572069037155e+00
1.9133911059643256e+14 3.3945028073017414e-02 5.6974874910089701e+00
1.9138088769481606e+14 3.4153948458273131e-02 5.7684994235489944e+00
1.9142266479319956e+14 3.4377713225885634e-02 5.8400464561838739e+00
1.9146444189158306e+14 3.4613284817846479e-02 5.9121721315246276e+00
1.9150621898996656e+14 3.4857523441900011e-02 5.9849102292695449e+00
1.9154799608835006e+14 3.5107227603963960e-02 6.0582851381812084e+00
1.9158977318673356e+14 3.5359173268209386e-02 6.1323124048150293e+00
1.9163155028511706e+14 3.5610151040906153e-02 6.2069994097860794e+00
1.9167332738350056e+14 3.5857000935008057e-02 6.2823461253638273e+00
1.9171510448188406e+14 3.6096644418251743e-02 6.3583459133601039e+00
1.9175688158026756e+14 3.6326113572501297e-02 6.4349863287298437e+00
1.9179865867865106e+14 3.6542577293422779e-02 6.5122499012419999e+00
1.9184043577703456e+14 3.6743364537600312e-02 6.5901148744034721e+00
1.9188221287541806e+14 3.6925984680579810e-02 6.6685558871008572e+00
1.9192398997380156e+14 3.7088145087025313e-02 6.7475445889092516e+00
1.9196576707218506e+14 3.7227766016723167e-02 6.8270501845890479e+00
1.9200754417056856e+14 3.7342993000898134e-02 6.9070399069379835e+00
1.9204932126895206e+14 3.7432206825506541e-02 6.9874794199470704e+00
1.9209109836733556e+14 3.7494031254793156e-02 7.0683331562319207e+00
1.9213287546571906e+14 3.7527338621413178e-02 7.1495645940941666e+00
1.9217465256410256e+14 3.7531253401012092e-02 7.2311364804426814e+00
1.9221642966248606e+14 3.7505153880346608e-02 7.3130110062916884e+00
1.9225820676086956e+14 3.7448672019896476e-02 7.3951499417568742e+00
1.9229998385925306e+14 3.7361691604947629e-02 7.4775147374860493e+00
1.9234176095763656e+14 3.7244344773642288e-02 7.5600665993623934e+00
1.9238353805602006e+14 3.7097007006455192e-02 7.6427665431575296e+00
1.9242531515440356e+14 3.6920290659034176e-02 7.7255754356439610e+00
1.9246709225278706e+14 3.6715037118814471e-02 7.8084540285183408e+00
1.9250886935117056e+14 3.6482307665269317e-02 7.8913629913656287e+00
1.9255064644955406e+14 3.6223373113509760e-02 7.9742629498126334e+00
1.9259242354793756e+14 3.5939702320709158e-02 8.0571145349731310e+00
1.9263420064632106e+14 3.5632949634533069e-02 8.1398784502657087e+00
1.9267597774470456e+14 3.5304941361363563e-02 8.2225155616620818e+00
1.9271775484308806e+14 3.4957661329960213e-02 8.3049870173674769e+00
1.9275953194147156e+14 3.4593235622635304e-02 8.3872544027970832e+00
1.9280130903985506e+14 3.4213916541074758e-02 8.4692799364432094e+00
1.9284308613823856e+14 3.3822065867708306e-02 8.5510267117529590e+00
1.9288486323662206e+14 3.3420137476164888e-02 8.6324589893880788e+00
1.9292664033500556e+14 3.3010659336284269e-02 8.7135425431302451e+00
1.9296841743338906e+14 3.2596214951254025e-02 8.7942450611433500e+00
1.9301019453177256e+14 3.2179424257463264e-02 8.8745366022386332e+00
1.9305197163015606e+14 3.1762924012967209e-02 8.9543901041395628e+00
1.9309374872853956e+14 3.1349347699511865e-02 9.0337819374960020e+00
1.9313552582692306e+14 3.0941304967348933e-02 9.1126924955655983e+00
1.9317730292530656e+14 3.0541360663376180e-02 9.1911068051563181e+00
1.9321908002369006e+14 3.0152013502744601e-02 9.2690151397926925e+00
1.9326085712207356e+14 2.9775674473187054e-02 9.3464136113957785e+00
1.9330263422045706e+14 2.9414645100253024e-02 9.4233047124526976e+00
1.9334441131884056e+14 2.9071095749689076e-02 9.4996977771700077e+00
1.9338618841722406e+14 2.8747044198777650e-02 9.5756093280075678e+00
1.9342796551560756e+14 2.8444334767834614e-02 9.6510632738527597e+00
1.9346974261399106e+14 2.8164618361981711e-02 9.7260909284167649e+00
1.9351151971237456e+14 2.7909333825438244e-02 9.8007308225777052e+00
1.9355329681075806e+14 2.7679691049356581e-02 9.8750282924787314e+00
1.9359507390914156e+14 2.7476656292864263e-02 9.9490348359743770e+00
1.9359660086208747e+14 2.7469749355671359e-02 9.9517349799354964e+00
1.9363532405457916e+14 2.7307635103046027e-02 1.0020094651738937e+01
1.9363685100752506e+14 2.7301757982611381e-02 1.0022785967693370e+01
1.9367862810590856e+14 2.7155309599393704e-02 1.0096335759534778e+01
1.9372040520429209e+14 2.7036604149141004e-02 1.0169767801069582e+01
1.9376218230267559e+14 2.6945522143901137e-02 1.0243148560285634e+01
1.9380395940105909e+14 2.6881676058825285e-02 1.0316544774797800e+01
1.9384573649944259e+14 2.6844416202632792e-02 1.0390021978588567e+01
1.9388751359782609e+14 2.6832840286555838e-02 1.0463643078476119e+01
1.9392929069620959e+14 2.6845806427543792e-02 1.0537467039016606e+01
1.9397106779459309e+14 2.6881949207777065e-02 1.0611547726459154e+01
1.9401284489297659e+14 2.6939698325618426e-02 1.0685932950893259e+01
1.9405462199136009e+14 2.7017299318383522e-02 1.0760663732126625e+01
1.9409639908974359e+14 2.7112835816201841e-02 1.0835773800530994e+01
1.9413817618812709e+14 2.7224252796707482e-02 1.0911289330435492e+01
1.9417995328651059e+14 2.7349380347552941e-02 1.0987228891749739e+01
1.9422173038489409e+14 2.7485957500826712e-02 1.1063603596123768e+01
1.9426350748327759e+14 2.7631655772927415e-02 1.1140417407488719e+01
1.9430528458166109e+14 2.7784102117872578e-02 1.1217667583291536e+01
1.9434706168004459e+14 2.7940901074965163e-02 1.1295345211882646e+01
1.9438883877842809e+14 2.8099655958382250e-02 1.1373435812871465e+01
1.9443061587681159e+14 2.8257988993120448e-02 1.1451919970284237e+01
1.9447239297519509e+14 2.8413560347366369e-02 1.1530773972463965e+01
1.9451417007357859e+14 2.8564086045073246e-02 1.1609970437322366e+01
1.9455594717196209e+14 2.8707354765358257e-02 1.1689478906354207e+01
1.9459772427034559e+14 2.8841243548349507e-02 1.1769266395429199e+01
1.9463950136872909e+14 2.8963732432204448e-02 1.1849297894546947e+01
1.9468127846711259e+14 2.9072918045035954e-02 1.1929536812369372e+01
1.9472305556549609e+14 2.9167026170221860e-02 1.2009945364353639e+01
1.9476483266387959e+14 2.9244423295524798e-02 1.2090484905723702e+01
1.9480660976226309e+14 2.9303627147164453e-02 1.2171116212373709e+01
1.9484838686064659e+14 2.9343316200301957e-02 1.2251799714162239e+01
1.9489016395903009e+14 2.9362338148208891e-02 1.2332495686015777e+01
1.9493194105741359e+14 2.9359717304253980e-02 1.2413164402895086e+01
1.9497371815579709e+14 2.9334660904014768e-02 1.2493766265059225e+01
1.9501549525418059e+14 2.9286564269477337e-02 1.2574261900272496e+01
1.9505727235256409e+14 2.9215014793530853e-02 1.2654612249681415e+01
1.9509904945094759e+14 2.9119794700616996e-02 1.2734778644102875e+01
1.9514082654933109e+14 2.9000882538426587e-02 1.2814722877438138e+01
1.9518260364771459e+14 2.8858453355777414e-02 1.2894407283885617e+01
1.9522438074609809e+14 2.8692877522980925e-02 1.2973794825581120e+01
1.9526615784448159e+14 2.8504718153140363e-02 1.3052849197247694e+01
1.9530793494286509e+14 2.8294727085566334e-02 1.3131534954373203e+01
1.9534971204124859e+14 2.8063839395916432e-02 1.3209817671335937e+01
1.9539148913963209e+14 2.7813166401710620e-02 1.3287664135718803e+01
1.9543326623801559e+14 2.7543987136489902e-02 1.3365042584759081e+01
1.9547504333639909e+14 2.7257738271552121e-02 1.3441922989383592e+01
1.9551682043478259e+14 2.6956002470905190e-02 1.3518277390532596e+01
1.9555859753316609e+14 2.6640495173625739e-02 1.3594080291366867e+01
1.9560037463154959e+14 2.6313049808665799e-02 1.3669309107400254e+01
1.9564215172993309e+14 2.5975601461356849e-02 1.3743944674508386e+01
1.9568392882831659e+14 2.5630169029243140e-02 1.3817971812041039e+01
1.9572570592670009e+14 2.5278835928697847e-02 1.3891379934860458e+01
1.9576748302508359e+14 2.4923729444090412e-02 1.3964163704012959e+01
1.9580926012346709e+14 2.4566998849079640e-02 1.4036323700976679e+01
1.9585103722185059e+14 2.4210792475455281e-02 1.4107867105142134e+01
1.9589281432023409e+14 2.3857233959063251e-02 1.4178808348638469e+01
1.9593459141861759e+14 2.3508397953635893e-02 1.4249169717194963e+01
1.9597636851700109e+14 2.3166285670033118e-02 1.4318981860943808e+01
1.9601814561538459e+14 2.2832800666894779e-02 1.4388284175563150e+01
1.9605992271376809e+14 2.2509725384160663e-02 1.4457125012631561e+01
1.9610169981215159e+14 2.2198698966960348e-02 1.4525561679218503e+01
1.9614347691053512e+14 2.1901196966597668e-02 1.4593660191155996e+01
1.9618525400891862e+14 2.1618513519785051e-02 1.4661494752480992e+01
1.9622703110730212e+14 2.1351746589885520e-02 1.4729146945195039e+01
1.9626880820568562e+14 2.1101786798804006e-02 1.4796704628299059e+01
1.9631058530406912e+14 2.0869310283200732e-02 1.4864260562072538e+01
1.9635236240245262e+14 2.0654775874753038e-02 1.4931910791377948e+01
1.9639413950083612e+14 2.0458426737869830e-02 1.4999752838681138e+01
1.9643591659921962e+14 2.0280296409467109e-02 1.5067883771684693e+01
1.9647769369760312e+14 2.0120218988710276e-02 1.5136398220379885e+01
1.9651947079598662e+14 1.9977843036004136e-02 1.5205386422749353e+01
1.9656124789437012e+14 1.9852648576202576e-02 1.5274932376788961e+01
1.9660302499275362e+14 1.9743966475335280e-02 1.5345112169172957e+01
1.9664480209113712e+14 1.9650999382987953e-02 1.5415992538661165e+01
1.9668657918952062e+14 1.9572843409112473e-02 1.5487629716697549e+01
1.9672835628790412e+14 1.9508509733510430e-02 1.5560068570283850e+01
1.9677013338628762e+14 1.9456945423084078e-02 1.5633342054891310e+01
1.9681191048467112e+14 1.9417052846200371e-02 1.5707470969407840e+01
1.9685368758305462e+14 1.9387707213238951e-02 1.5782463992033518e+01
1.9689546468143812e+14 1.9367771924615265e-02 1.5858317966271208e+01
1.9693724177982162e+14 1.9356111560209478e-02 1.5935018399902903e+01
1.9697901887820512e+14 1.9351602486867292e-02 1.6012540136862086e+01
1.9702079597658862e+14 1.9353141185665234e-02 1.6090848161735529e+01
1.9706257307497212e+14 1.9359650502725805e-02 1.6169898498615744e+01
1.9710435017335562e+14 1.9370084103998104e-02 1.6249639169497282e+01
1.9714612727173912e+14 1.9383429465109122e-02 1.6330011181764704e+01
1.9718790437012262e+14 1.9398709753392442e-02 1.6410949519032332e+01
1.9722968146850612e+14 1.9414984963081534e-02 1.6492384114288367e+01
1.9727145856688962e+14 1.9431352649618715e-02 1.6574240788719568e+01
1.9731323566527312e+14 1.9446948578497294e-02 1.6656442143597417e+01
1.9735501276365662e+14 1.9460947562208605e-02 1.6738908396156397e+01
1.9739678986204012e+14 1.9472564708504350e-02 1.6821558153486084e+01
1.9743856696042362e+14 1.9481057248344924e-02 1.6904309121145225e+01
1.9748034405880712e+14 1.9485727054845723e-02 1.6987078745550988e+01
1.9752212115719062e+14 1.9485923908050058e-02 1.7069784791251674e+01
1.9756389825557412e+14 1.9481049506372798e-02 1.7152345856026070e+01
1.9760567535395762e+14 1.9470562175419575e-02 1.7234681828385852e+01
1.9764745245234112e+14 1.9453982180036914e-02 1.7316714293529529e+01
1.9768922955072462e+14 1.9430897506148927e-02 1.7398366895097368e+01
1.9773100664910812e+14 1.9400969945936354e-02 1.7479565661212330e+01
1.9777278374749162e+14 1.9363941292911621e-02 1.7560239304237101e+01
1.9781456084587512e+14 1.9319639432504022e-02 1.7640319504401955e+01
1.9785633794425862e+14 1.9267984098403343e-02 1.7719741187932755e+01
1.9789811504264212e+14 1.9208992054842645e-02 1.7798442810475308e+01
1.9793989214102562e+14 1.9142781459845305e-02 1.7876366656431745e+01
1.9798166923940912e+14 1.9069575163894324e-02 1.7953459164217307e+01
1.9802344633779262e+14 1.8989702702624553e-02 1.8029671286353079e+01
1.9806522343617612e+14 1.8903600750912915e-02 1.8104958891652483e+01
1.9810700053455962e+14 1.8811811819848010e-02 1.8179283214452141e+01
1.9814877763294312e+14 1.8714980998162194e-02 1.8252611352826737e+01
1.9819055473132662e+14 1.8613850566816175e-02 1.8324916813957504e+01
1.9823233182971012e+14 1.8509252351043202e-02 1.8396180100286401e+01
1.9827410892809362e+14 1.8402097719407172e-02 1.8466389324857946e+01
1.9831588602647712e+14 1.8293365195925743e-02 1.8535540838450761e+01
1.9835766312486062e+14 1.8184085719780481e-02 1.8603639845006352e+01
1.9839944022324412e+14 1.8075325668035408e-02 1.8670700975853784e+01
1.9844121732162762e+14 1.7968167849338097e-02 1.8736748787830461e+01
1.9848299442001112e+14 1.7863690778497730e-02 1.8801818146260082e+01
1.9852477151839462e+14 1.7762946649318320e-02 1.8865954451581263e+01
1.9856654861677812e+14 1.7666938530199561e-02 1.8929213668961577e+01
1.9860832571516162e+14 1.7576597406098807e-02 1.8991662124083618e+01
1.9865010281354512e+14 1.7492759772502125e-02 1.9053376035851361e+01
1.9869187991192862e+14 1.7416146542247223e-02 1.9114440768052834e+01
1.9873365701031212e+14 1.7347344045302644e-02 1.9174949796597346e+01
1.9877543410869566e+14 1.7286787877511145e-02 1.9235003405868429e+01
1.9881721120707916e+14 1.7234750282865651e-02 1.9294707145608406e+01
1.9885898830546266e+14 1.7191331635368800e-02 1.9354170096812307e+01
1.9890076540384616e+14 1.7156456426299850e-02 1.9413503009539639e+01
1.9894254250222966e+14 1.7129873970969507e-02 1.9472816385664288e+01
1.9898431960061316e+14 1.7111163839893868e-02 1.9532218584163815e+01
1.9902609669899666e+14 1.7099745809216225e-02 1.9591814025011221e+01
1.9906787379738016e+14 1.7094893930728428e-02 1.9651701560284746e+01
1.9910965089576366e+14 1.7095754157655227e-02 1.9711973068656143e+01
1.9915142799414716e+14 1.7101364839509265e-02 1.9772712313433882e+01
1.9919320509253066e+14 1.7110679323703869e-02 1.9833994086621644e+01
1.9923498219091416e+14 1.7122589874500986e-02 1.9895883643807931e+01
1.9927675928929766e+14 1.7135952137233592e-02 1.9958436418740597e+01
1.9931853638768116e+14 1.7149609430630611e-02 2.0021697993330218e+01
1.9936031348606466e+14 1.7162416232732021e-02 2.0085704289264779e+01
1.9940209058444816e+14 1.7173260326425039e-02 2.0150481941598045e+01
1.9944386768283166e+14 1.7181083179102701e-02 2.0216048812377039e+01
1.9948564478121516e+14 1.7184898239340208e-02 2.0282414603074493e+01
1.9952742187959866e+14 1.7183806935169504e-02 2.0349581527627652e+01
1.9956919897798216e+14 1.7177012249550448e-02 2.0417545012496035e+01
1.9961097607636566e+14 1.7163829826207514e-02 2.0486294395686812e+01
1.9965275317474916e+14 1.7143696622799937e-02 2.0555813602553830e+01
1.9969453027313266e+14 1.7116177178465100e-02 2.0626081781919254e+01
1.9973630737151616e+14 1.7080967600725850e-02 2.0697073891392392e+01
1.9977808446989966e+14 1.7037897404065510e-02 2.0768761225470435e+01
1.9981986156828316e+14 1.6986929351136375e-02 2.0841111884033207e+01
1.9986163866666666e+14 1.6928157459400447e-02 2.0914091182171155e+01
