lambda(m), Y
1.6e-06, 0.092434
1.59964e-06, 0.094792
1.59929e-06, 0.0971954
1.59893e-06, 0.0996443
1.59857e-06, 0.102138
1.59822e-06, 0.104678
1.59786e-06, 0.107261
1.59751e-06, 0.10989
1.59715e-06, 0.112563
1.5968e-06, 0.115279
1.59644e-06, 0.118039
1.59609e-06, 0.120843
1.59573e-06, 0.123689
1.59538e-06, 0.126577
1.59502e-06, 0.129507
1.59467e-06, 0.132478
1.59431e-06, 0.135489
1.59396e-06, 0.138541
1.5936e-06, 0.141631
1.59325e-06, 0.144761
1.5929e-06, 0.147928
1.59254e-06, 0.151132
1.59219e-06, 0.154373
1.59184e-06, 0.157649
1.59148e-06, 0.160959
1.59113e-06, 0.164303
1.59078e-06, 0.16768
1.59043e-06, 0.171089
1.59007e-06, 0.174528
1.58972e-06, 0.177997
1.58937e-06, 0.181494
1.58902e-06, 0.185019
1.58867e-06, 0.188571
1.58831e-06, 0.192148
1.58796e-06, 0.195748
1.58761e-06, 0.199372
1.58726e-06, 0.203017
1.58691e-06, 0.206682
1.58656e-06, 0.210366
1.58621e-06, 0.214068
1.58586e-06, 0.217786
1.58551e-06, 0.221518
1.58516e-06, 0.225265
1.58481e-06, 0.229023
1.58446e-06, 0.232791
1.58411e-06, 0.236569
1.58376e-06, 0.240355
1.58341e-06, 0.244146
1.58306e-06, 0.247942
1.58271e-06, 0.251741
1.58236e-06, 0.255541
1.58201e-06, 0.259341
1.58166e-06, 0.263139
1.58131e-06, 0.266934
1.58096e-06, 0.270724
1.58062e-06, 0.274507
1.58027e-06, 0.278282
1.57992e-06, 0.282047
1.57957e-06, 0.2858
1.57923e-06, 0.28954
1.57888e-06, 0.293266
1.57853e-06, 0.296974
1.57818e-06, 0.300664
1.57784e-06, 0.304335
1.57749e-06, 0.307984
1.57714e-06, 0.311609
1.5768e-06, 0.31521
1.57645e-06, 0.318783
1.5761e-06, 0.322329
1.57576e-06, 0.325845
1.57541e-06, 0.329329
1.57507e-06, 0.33278
1.57472e-06, 0.336196
1.57437e-06, 0.339575
1.57403e-06, 0.342917
1.57368e-06, 0.346219
1.57334e-06, 0.34948
1.57299e-06, 0.352698
1.57265e-06, 0.355872
1.5723e-06, 0.358999
1.57196e-06, 0.36208
1.57162e-06, 0.365112
1.57127e-06, 0.368093
1.57093e-06, 0.371023
1.57058e-06, 0.3739
1.57024e-06, 0.376723
1.5699e-06, 0.379489
1.56955e-06, 0.382199
1.56921e-06, 0.384849
1.56887e-06, 0.387441
1.56852e-06, 0.389971
1.56818e-06, 0.392439
1.56784e-06, 0.394844
1.5675e-06, 0.397184
1.56715e-06, 0.399459
1.56681e-06, 0.401667
1.56647e-06, 0.403807
1.56613e-06, 0.405879
1.56579e-06, 0.407881
1.56545e-06, 0.409812
1.5651e-06, 0.411672
1.56476e-06, 0.413459
1.56442e-06, 0.415174
1.56408e-06, 0.416814
1.56374e-06, 0.41838
1.5634e-06, 0.41987
1.56306e-06, 0.421285
1.56272e-06, 0.422623
1.56238e-06, 0.423883
1.56204e-06, 0.425066
1.5617e-06, 0.426171
1.56136e-06, 0.427198
1.56102e-06, 0.428145
1.56068e-06, 0.429013
1.56034e-06, 0.429802
1.56e-06, 0.430511
1.55966e-06, 0.431139
1.55932e-06, 0.431688
1.55898e-06, 0.432156
1.55864e-06, 0.432544
1.55831e-06, 0.432851
1.55797e-06, 0.433078
1.55763e-06, 0.433225
1.55729e-06, 0.433291
1.55695e-06, 0.433277
1.55662e-06, 0.433184
1.55628e-06, 0.43301
1.55594e-06, 0.432757
1.5556e-06, 0.432425
1.55527e-06, 0.432015
1.55493e-06, 0.431526
1.55459e-06, 0.430959
1.55426e-06, 0.430315
1.55392e-06, 0.429594
1.55358e-06, 0.428797
1.55325e-06, 0.427924
1.55291e-06, 0.426976
1.55257e-06, 0.425954
1.55224e-06, 0.424858
1.5519e-06, 0.423689
1.55157e-06, 0.422448
1.55123e-06, 0.421136
1.5509e-06, 0.419754
1.55056e-06, 0.418302
1.55023e-06, 0.416782
1.54989e-06, 0.415194
1.54956e-06, 0.41354
1.54922e-06, 0.41182
1.54889e-06, 0.410036
1.54855e-06, 0.408188
1.54822e-06, 0.406278
1.54789e-06, 0.404307
1.54755e-06, 0.402276
1.54722e-06, 0.400187
1.54689e-06, 0.398039
1.54655e-06, 0.395836
1.54622e-06, 0.393577
1.54589e-06, 0.391265
1.54555e-06, 0.3889
1.54522e-06, 0.386485
1.54489e-06, 0.384019
1.54455e-06, 0.381505
1.54422e-06, 0.378944
1.54389e-06, 0.376337
1.54356e-06, 0.373687
1.54323e-06, 0.370993
1.54289e-06, 0.368258
1.54256e-06, 0.365482
1.54223e-06, 0.362669
1.5419e-06, 0.359818
1.54157e-06, 0.356932
1.54124e-06, 0.354011
1.54091e-06, 0.351058
1.54058e-06, 0.348073
1.54024e-06, 0.345059
1.53991e-06, 0.342016
1.53958e-06, 0.338946
1.53925e-06, 0.335852
1.53892e-06, 0.332733
1.53859e-06, 0.329592
1.53826e-06, 0.32643
1.53793e-06, 0.323248
1.5376e-06, 0.320048
1.53728e-06, 0.316832
1.53695e-06, 0.313601
1.53662e-06, 0.310356
1.53629e-06, 0.307098
1.53596e-06, 0.30383
1.53563e-06, 0.300552
1.5353e-06, 0.297266
1.53497e-06, 0.293973
1.53464e-06, 0.290675
1.53432e-06, 0.287373
1.53399e-06, 0.284068
1.53366e-06, 0.280762
1.53333e-06, 0.277455
1.53301e-06, 0.27415
1.53268e-06, 0.270847
1.53235e-06, 0.267547
1.53202e-06, 0.264253
1.5317e-06, 0.260964
1.53137e-06, 0.257683
1.53104e-06, 0.25441
1.53072e-06, 0.251147
1.53039e-06, 0.247894
1.53006e-06, 0.244653
1.52974e-06, 0.241424
1.52941e-06, 0.23821
1.52909e-06, 0.23501
1.52876e-06, 0.231826
1.52843e-06, 0.228658
1.52811e-06, 0.225509
1.52778e-06, 0.222377
1.52746e-06, 0.219266
1.52713e-06, 0.216174
1.52681e-06, 0.213104
1.52648e-06, 0.210055
1.52616e-06, 0.207029
1.52583e-06, 0.204027
1.52551e-06, 0.201049
1.52519e-06, 0.198095
1.52486e-06, 0.195167
1.52454e-06, 0.192265
1.52421e-06, 0.18939
1.52389e-06, 0.186542
1.52357e-06, 0.183722
1.52324e-06, 0.18093
1.52292e-06, 0.178168
1.5226e-06, 0.175434
1.52227e-06, 0.17273
1.52195e-06, 0.170057
1.52163e-06, 0.167413
1.52131e-06, 0.164801
1.52098e-06, 0.16222
1.52066e-06, 0.159671
1.52034e-06, 0.157153
1.52002e-06, 0.154667
1.5197e-06, 0.152214
1.51937e-06, 0.149793
1.51905e-06, 0.147405
1.51873e-06, 0.14505
1.51841e-06, 0.142727
1.51809e-06, 0.140438
1.51777e-06, 0.138181
1.51745e-06, 0.135958
1.51712e-06, 0.133768
1.5168e-06, 0.131611
1.51648e-06, 0.129487
1.51616e-06, 0.127397
1.51584e-06, 0.125339
1.51552e-06, 0.123315
1.5152e-06, 0.121323
1.51488e-06, 0.119365
1.51456e-06, 0.117439
1.51424e-06, 0.115545
1.51392e-06, 0.113684
1.5136e-06, 0.111855
1.51329e-06, 0.110058
1.51297e-06, 0.108293
1.51265e-06, 0.106559
1.51233e-06, 0.104857
1.51201e-06, 0.103185
1.51169e-06, 0.101545
1.51137e-06, 0.0999345
1.51105e-06, 0.0983544
1.51074e-06, 0.0968042
1.51042e-06, 0.0952834
1.5101e-06, 0.0937918
1.50978e-06, 0.0923291
1.50947e-06, 0.0908948
1.50915e-06, 0.0894886
1.50883e-06, 0.0881101
1.50851e-06, 0.0867589
1.5082e-06, 0.0854347
1.50788e-06, 0.0841371
1.50756e-06, 0.0828656
1.50725e-06, 0.0816199
1.50693e-06, 0.0803995
1.50661e-06, 0.079204
1.5063e-06, 0.078033
1.50598e-06, 0.076886
1.50567e-06, 0.0757627
1.50535e-06, 0.0746625
1.50503e-06, 0.0735852
1.50472e-06, 0.0725301
1.5044e-06, 0.071497
1.50409e-06, 0.0704852
1.50377e-06, 0.0694945
1.50346e-06, 0.0685244
1.50314e-06, 0.0675744
1.50283e-06, 0.0666441
1.50251e-06, 0.065733
1.5022e-06, 0.0648407
1.50188e-06, 0.0639669
1.50157e-06, 0.0631109
1.50126e-06, 0.0622725
1.50094e-06, 0.0614512
1.50063e-06, 0.0606466
1.50031e-06, 0.0598583
1.5e-06, 0.0590858


