["port 3","RIGHT"]
["port 2","LEFT"]
["port 1","LEFT"]
["port 4","RIGHT"]
("port 1","mode 5",1,"port 1",1,"transmission")
(20, 3)
1.9034441777777778e+14 1.3497579398380386e-03 5.8236900198560537e-01
1.9069490130565788e+14 1.1012361643748549e-03 -6.4368364714017845e-01
1.9104667791380178e+14 1.0234934657897550e-03 -1.6130710339401615e+00
1.9139975477150541e+14 9.0354416331985086e-04 -1.7805327862031819e+00
1.9175413910116141e+14 1.1027142660159802e-03 -2.8730006336446388e+00
1.9210983817875212e+14 9.3557751938619556e-04 -4.8499308400517815e+00
1.9246685933434703e+14 7.5735680643296841e-04 -5.7775563564565973e+00
1.9282520995260666e+14 6.6286429406357686e-04 -6.7489186959585705e+00
1.9318489747329153e+14 5.5743317449582054e-04 -7.5296485719813413e+00
1.9354592939177712e+14 4.7492413250205750e-04 -8.3744483458693999e+00
1.9390831325957447e+14 2.7672684452535973e-04 -9.1892917338253337e+00
1.9427205668485675e+14 2.6294707394738996e-04 -9.2163080433409252e+00
1.9463716733299162e+14 2.4334453591916716e-04 -9.6945495687058134e+00
1.9500365292707978e+14 2.9628002575844741e-04 -9.1761370479141071e+00
1.9537152124849941e+14 5.0963666420122684e-04 -1.0055219052383727e+01
1.9574078013745706e+14 5.6683337195936575e-04 -1.0510527218512884e+01
1.9611143749354450e+14 4.1688766379701048e-04 -1.1824198259677519e+01
1.9648350127630219e+14 3.7000130425268615e-04 -1.2408770076261078e+01
1.9685697950578884e+14 4.0576428133823984e-04 -1.1272358947556848e+01
1.9723188026315791e+14 4.3904578297428696e-04 -1.2586192833030003e+01
("port 1","mode 5",1,"port 2",1,"transmission")
(20, 3)
1.9034441777777778e+14 5.5696307229501519e-04 -2.1329166872220910e+00
1.9069490130565788e+14 4.5070509375511085e-04 -3.5858792308417646e+00
1.9104667791380178e+14 4.9617003471741947e-04 -4.4786460130196417e+00
1.9139975477150541e+14 6.0225527191584824e-04 -5.3822124922938643e+00
1.9175413910116141e+14 4.8775693080836018e-04 -6.5058730602108277e+00
1.9210983817875212e+14 4.0741363282390203e-04 -8.2436762365018623e+00
1.9246685933434703e+14 3.4377914626710444e-04 -8.8895942507922978e+00
1.9282520995260666e+14 3.9109616519453000e-04 -9.8776868243741802e+00
1.9318489747329153e+14 3.2585497326926850e-04 -1.0663597144409694e+01
1.9354592939177712e+14 2.2734345383298258e-04 -1.1977982848232845e+01
1.9390831325957447e+14 2.3045425110489615e-04 -1.2449948171541230e+01
1.9427205668485675e+14 2.0131490685959728e-04 -1.2925825211650462e+01
1.9463716733299162e+14 1.9615011428065389e-04 -1.2653108085633008e+01
1.9500365292707978e+14 2.3177175331615430e-04 -1.3622732913169401e+01
1.9537152124849941e+14 4.0781720194594753e-04 -1.3482874361671074e+01
1.9574078013745706e+14 4.1629837378430836e-04 -1.5078323083907753e+01
1.9611143749354450e+14 5.6213696461459824e-04 -1.6478874800975685e+01
1.9648350127630219e+14 5.1550650912967147e-04 -1.6565352015574263e+01
1.9685697950578884e+14 4.0130807327080464e-04 -1.7335602572563648e+01
1.9723188026315791e+14 1.3571807690238225e-04 -1.9233316304390204e+01
("port 1","mode 5",1,"port 3",1,"transmission")
(20, 3)
1.9034441777777778e+14 2.7228705053950618e-05 -3.1266660290521333e+00
1.9069490130565788e+14 1.7674299532213401e-05 -1.4526491163529482e+00
1.9104667791380178e+14 1.3729963746634587e-05 -6.2126110130524681e-01
1.9139975477150541e+14 1.9047274623221129e-05 8.9629221844629292e-01
1.9175413910116141e+14 8.7267787914399140e-06 2.8300315133586436e+00
1.9210983817875212e+14 6.8156811189505820e-06 2.3521893748537805e+00
1.9246685933434703e+14 1.6323784850549026e-05 4.4383211344932167e+00
1.9282520995260666e+14 1.8544412623521730e-05 6.8390442799855160e+00
1.9318489747329153e+14 1.7039954302824504e-05 3.8173093012823323e+00
1.9354592939177712e+14 2.5424786201151791e-05 6.5819598092271310e+00
1.9390831325957447e+14 1.9149017556564210e-05 9.6780390508280973e+00
1.9427205668485675e+14 3.2930634227887891e-05 6.5510236394309924e+00
1.9463716733299162e+14 3.6033445711710045e-05 9.4787431335482140e+00
1.9500365292707978e+14 5.1938974766124727e-05 1.2406889018424097e+01
1.9537152124849941e+14 5.5568318502787411e-05 1.4898426964424795e+01
1.9574078013745706e+14 3.5330446915155296e-05 1.7952837983179879e+01
1.9611143749354450e+14 4.0710056149932483e-05 1.5004301450425791e+01
1.9648350127630219e+14 4.6794918129500283e-05 1.1869132926212037e+01
1.9685697950578884e+14 5.9537069593056899e-05 9.2433727148706701e+00
1.9723188026315791e+14 5.6403138058629994e-05 1.2210870566000246e+01
("port 1","mode 5",1,"port 4",1,"transmission")
(20, 3)
1.9034441777777778e+14 1.5445354027457088e-04 -1.1000122024291943e+00
1.9069490130565788e+14 1.5339614454314867e-04 1.5663199557070386e+00
1.9104667791380178e+14 1.4203411255376587e-04 4.3760511034365823e+00
1.9139975477150541e+14 1.4119934993758013e-04 1.3000986353413351e+00
1.9175413910116141e+14 1.4303975142180992e-04 4.2134660062712292e+00
1.9210983817875212e+14 1.4997706999904338e-04 6.5696572864437011e+00
1.9246685933434703e+14 1.3745898686261753e-04 9.3844861390861869e+00
1.9282520995260666e+14 1.2722166770084520e-04 1.2359591600445009e+01
1.9318489747329153e+14 1.3808061251249952e-04 1.5322654306291698e+01
1.9354592939177712e+14 1.4449067580935788e-04 1.8201897788873019e+01
1.9390831325957447e+14 1.4334681198974346e-04 2.1097827857130060e+01
1.9427205668485675e+14 1.4027103502111291e-04 2.4059780751549219e+01
1.9463716733299162e+14 1.4549889188116279e-04 2.7084151474101951e+01
1.9500365292707978e+14 1.5217596175089686e-04 3.0030726976101658e+01
1.9537152124849941e+14 1.5338456436867973e-04 3.3066656353300701e+01
1.9574078013745706e+14 1.5943493789113795e-04 3.6050611616053885e+01
1.9611143749354450e+14 1.6051893908497155e-04 3.9045708717610523e+01
1.9648350127630219e+14 1.6966272806157213e-04 4.2087033994773066e+01
1.9685697950578884e+14 1.8368890267289706e-04 3.9588665279519077e+01
1.9723188026315791e+14 1.8641030289715305e-04 4.2639957734639559e+01
("port 2","mode 5",1,"port 1",1,"transmission")
(20, 3)
1.9034441777777778e+14 5.5696307267621135e-04 -2.1329166869705287e+00
1.9069490130565788e+14 4.5070509374583789e-04 -3.5858792309023926e+00
1.9104667791380178e+14 4.9617003429810232e-04 -4.4786460137715771e+00
1.9139975477150541e+14 6.0225527192075371e-04 -5.3822124923645625e+00
1.9175413910116141e+14 4.8775693080838138e-04 -6.5058730603160839e+00
1.9210983817875212e+14 4.0741363320576448e-04 -8.2436762367498559e+00
1.9246685933434703e+14 3.4377914609425351e-04 -8.8895942518286937e+00
1.9282520995260666e+14 3.9109616481599306e-04 -9.8776868242093858e+00
1.9318489747329153e+14 3.2585497332289026e-04 -1.0663597143610669e+01
1.9354592939177712e+14 2.2734345378345596e-04 -1.1977982848360135e+01
1.9390831325957447e+14 2.3045425109083516e-04 -1.2449948171328552e+01
1.9427205668485675e+14 2.0131490681932841e-04 -1.2925825211560198e+01
1.9463716733299162e+14 1.9615011490073134e-04 -1.2653108085890301e+01
1.9500365292707978e+14 2.3177175334978850e-04 -1.3622732913085770e+01
1.9537152124849941e+14 4.0781720208717776e-04 -1.3482874360166232e+01
1.9574078013745706e+14 4.1629837381048496e-04 -1.5078323083900962e+01
1.9611143749354450e+14 5.6213696468038546e-04 -1.6478874800765194e+01
1.9648350127630219e+14 5.1550650943568970e-04 -1.6565352016334682e+01
1.9685697950578884e+14 4.0130807365237431e-04 -1.7335602572759512e+01
1.9723188026315791e+14 1.3571807734628189e-04 -1.9233316307722529e+01
("port 2","mode 5",1,"port 2",1,"transmission")
(20, 3)
1.9034441777777778e+14 1.3497579466730347e-03 1.2938804676283395e+00
1.9069490130565788e+14 1.1012361643496045e-03 -6.4368365368925273e-01
1.9104667791380178e+14 1.0234934710986047e-03 -8.4166863456381724e-01
1.9139975477150541e+14 9.0354416337876716e-04 -1.7805327918563763e+00
1.9175413910116141e+14 1.1027142661235859e-03 -2.8730006392802121e+00
1.9210983817875212e+14 9.3557752388278735e-04 -3.9787064613015093e+00
1.9246685933434703e+14 7.5735681029259207e-04 -4.8701002195591245e+00
1.9282520995260666e+14 6.6286429843183999e-04 -5.8036183205989520e+00
1.9318489747329153e+14 5.5743317752111941e-04 -6.5448060897120293e+00
1.9354592939177712e+14 4.7492413267716851e-04 -8.3744483566487151e+00
1.9390831325957447e+14 2.7672684472270404e-04 -9.1892917438767459e+00
1.9427205668485675e+14 2.6294707400651909e-04 -9.2163080525308771e+00
1.9463716733299162e+14 2.4334453623027700e-04 -8.5327516580804890e+00
1.9500365292707978e+14 2.9628002566305843e-04 -9.1761370604604053e+00
1.9537152124849941e+14 5.0963666649088304e-04 -8.7923562475111297e+00
1.9574078013745706e+14 5.6683337156604181e-04 -1.0510527231492933e+01
1.9611143749354450e+14 4.1688766373708651e-04 -1.1824198275958002e+01
1.9648350127630219e+14 3.7000130491705115e-04 -1.0981180658492280e+01
1.9685697950578884e+14 4.0576427928172641e-04 -1.2759087970167178e+01
1.9723188026315791e+14 4.3904578073052910e-04 -1.4134538153865972e+01
("port 2","mode 5",1,"port 3",1,"transmission")
(20, 3)
1.9034441777777778e+14 1.5445354061176242e-04 -7.4425646736417106e-01
1.9069490130565788e+14 1.5339614450562389e-04 1.5663199556018368e+00
1.9104667791380178e+14 1.4203411285496805e-04 -1.5214330013031554e+00
1.9139975477150541e+14 1.4119934989832304e-04 1.3000986353500823e+00
1.9175413910116141e+14 1.4303975138839651e-04 4.2134660064169314e+00
1.9210983817875212e+14 1.4997707027189936e-04 7.0052694799293302e+00
1.9246685933434703e+14 1.3745898714973530e-04 9.8382142122103549e+00
1.9282520995260666e+14 1.2722166799196877e-04 1.2832241791857298e+01
1.9318489747329153e+14 1.3808061283911383e-04 1.5815075553345887e+01
1.9354592939177712e+14 1.4449067581699568e-04 1.8201897789286459e+01
1.9390831325957447e+14 1.4334681200093782e-04 2.1097827857655588e+01
1.9427205668485675e+14 1.4027103505584167e-04 2.4059780751930894e+01
1.9463716733299162e+14 1.4549889229466162e-04 2.1381865128454205e+01
1.9500365292707978e+14 1.5217596181805134e-04 2.3747541669306617e+01
1.9537152124849941e+14 1.5338456475387906e-04 2.1131717147157953e+01
1.9574078013745706e+14 1.5943493797401597e-04 2.3484241001930496e+01
1.9611143749354450e+14 1.6051893918109567e-04 2.6479338103380847e+01
1.9648350127630219e+14 1.6966272840550093e-04 2.3951272786268252e+01
1.9685697950578884e+14 1.8368890240448869e-04 2.6278930162193596e+01
1.9723188026315791e+14 1.8641030259392675e-04 2.9299414468929619e+01
("port 2","mode 5",1,"port 4",1,"transmission")
(20, 3)
1.9034441777777778e+14 2.7228705196067578e-05 -2.7709102996404296e+00
1.9069490130565788e+14 1.7674299527149486e-05 -1.4526491235877950e+00
1.9104667791380178e+14 1.3729963834636645e-05 -2.3555990568524321e-01
1.9139975477150541e+14 1.9047274632906679e-05 8.9629221318237817e-01
1.9175413910116141e+14 8.7267788074956268e-06 2.8300315095603876e+00
1.9210983817875212e+14 6.8156812249012603e-06 2.7878015599109549e+00
1.9246685933434703e+14 1.6323784934387903e-05 4.8920491933018120e+00
1.9282520995260666e+14 1.8544412625507371e-05 7.3116944613026540e+00
1.9318489747329153e+14 1.7039954328469772e-05 4.3097305418085208e+00
1.9354592939177712e+14 2.5424786169178703e-05 6.5819597983365359e+00
1.9390831325957447e+14 1.9149017532758017e-05 9.6780390415417958e+00
1.9427205668485675e+14 3.2930634204889808e-05 6.5510236312215788e+00
1.9463716733299162e+14 3.6033445867882022e-05 3.7764567754466798e+00
1.9500365292707978e+14 5.1938974761259485e-05 6.1237036995356808e+00
1.9537152124849941e+14 5.5568318480004813e-05 9.2466730533702979e+00
1.9574078013745706e+14 3.5330446906686966e-05 1.1669652664330789e+01
1.9611143749354450e+14 4.0710056181817765e-05 8.7211161282619543e+00
1.9648350127630219e+14 4.6794918083174865e-05 6.2997423216448123e+00
1.9685697950578884e+14 5.9537069594628992e-05 8.5000081929189282e+00
1.9723188026315791e+14 5.6403137913635863e-05 1.1436697898348040e+01
("port 3","mode 3",1,"port 1",1,"transmission")
(20, 3)
1.9034441777777778e+14 2.7030891216281028e-05 -3.0184627735063971e+00
1.9069490130565788e+14 1.6267050234596558e-05 -1.4387555159142789e+00
1.9104667791380178e+14 1.3052505295016998e-05 -8.1754785902094484e-01
1.9139975477150541e+14 2.0840170100690827e-05 9.2831018355277073e-01
1.9175413910116141e+14 1.0607639903710032e-05 3.0231370624600551e+00
1.9210983817875212e+14 5.3640970248966058e-06 2.4503048282093207e+00
1.9246685933434703e+14 1.6867066089815098e-05 4.3496367663430764e+00
1.9282520995260666e+14 1.8778840260513196e-05 6.7805167081271263e+00
1.9318489747329153e+14 1.5926350660228325e-05 3.7537855018690283e+00
1.9354592939177712e+14 2.5518069391373058e-05 6.5925871999915087e+00
1.9390831325957447e+14 1.9368548680918094e-05 9.5737718708243236e+00
1.9427205668485675e+14 3.1878355279167605e-05 6.5600009505037793e+00
1.9463716733299162e+14 3.5550837479175842e-05 9.4538481051239014e+00
1.9500365292707978e+14 5.1286683234281837e-05 1.2403899115872569e+01
1.9537152124849941e+14 5.6328954652964685e-05 1.4898787289947490e+01
1.9574078013745706e+14 3.3605261594780167e-05 1.7938149012870095e+01
1.9611143749354450e+14 4.1248616937578039e-05 1.4972509173024626e+01
1.9648350127630219e+14 4.4250383230344043e-05 1.1864800247918346e+01
1.9685697950578884e+14 6.0608797425630912e-05 9.2421177967845480e+00
1.9723188026315791e+14 5.5402442828270617e-05 1.2202542061176640e+01
("port 3","mode 3",1,"port 2",1,"transmission")
(20, 3)
1.9034441777777778e+14 1.5707314725274909e-04 -7.3864931194897077e-01
1.9069490130565788e+14 1.5485222980960079e-04 1.5767871025356666e+00
1.9104667791380178e+14 1.4404900327605322e-04 -1.5192625618468478e+00
1.9139975477150541e+14 1.4383013300704839e-04 1.3095708972223912e+00
1.9175413910116141e+14 1.4683452674399668e-04 4.2194168886466006e+00
1.9210983817875212e+14 1.5199412165757848e-04 7.0084584295981562e+00
1.9246685933434703e+14 1.4027204797340432e-04 9.8479482020674212e+00
1.9282520995260666e+14 1.3138596556041141e-04 1.2836156340025301e+01
1.9318489747329153e+14 1.4109952579393023e-04 1.5806378542950627e+01
1.9354592939177712e+14 1.4747703212824283e-04 1.8209099867501063e+01
1.9390831325957447e+14 1.4861544484094441e-04 2.1085899182609566e+01
1.9427205668485675e+14 1.4281146367787185e-04 2.4054675981661845e+01
1.9463716733299162e+14 1.4931739163743409e-04 2.1366664034612022e+01
1.9500365292707978e+14 1.5449419111952619e-04 2.3730612194512620e+01
1.9537152124849941e+14 1.5894255220698006e-04 2.1129371960706397e+01
1.9574078013745706e+14 1.6110129538931406e-04 2.3456381061060263e+01
1.9611143749354450e+14 1.6356556985435222e-04 2.6459793454586162e+01
1.9648350127630219e+14 1.7190366713567618e-04 2.3922808723896953e+01
1.9685697950578884e+14 1.8454772118429774e-04 2.6268413396681837e+01
1.9723188026315791e+14 1.8762730461190129e-04 2.9276035693646342e+01
("port 3","mode 3",1,"port 3",1,"transmission")
(20, 3)
1.9034441777777778e+14 2.4924828056302523e-06 4.2720878575807536e-01
1.9069490130565788e+14 1.9864525394709781e-06 -7.6121937843701304e-01
1.9104667791380178e+14 1.8926176970908706e-06 -1.7001349403844206e+00
1.9139975477150541e+14 1.4618395507678337e-06 -2.6330099742740849e+00
1.9175413910116141e+14 2.1253924754009027e-06 -3.6910409530020964e+00
1.9210983817875212e+14 1.7973843299346104e-06 -4.9083778009764902e+00
1.9246685933434703e+14 1.2035815666256988e-06 -5.8297252947993377e+00
1.9282520995260666e+14 1.1949412315708309e-06 -6.4514310144389118e+00
1.9318489747329153e+14 1.3334440837914262e-06 -7.3559745816207851e+00
1.9354592939177712e+14 1.1199271366408368e-06 -8.4697790135778632e+00
1.9390831325957447e+14 5.1127841869299242e-07 -9.0851222969131609e+00
1.9427205668485675e+14 6.1735039631058841e-07 -9.2526777712012738e+00
1.9463716733299162e+14 5.4265678293696788e-07 -1.0079599585896670e+01
1.9500365292707978e+14 4.9564926504168795e-07 -8.6931683605646892e+00
1.9537152124849941e+14 7.7086942699437280e-07 -9.7953341270563428e+00
1.9574078013745706e+14 1.1810877507163962e-06 -1.0297354268209224e+01
1.9611143749354450e+14 7.6928600048475952e-07 -1.1950712568050953e+01
1.9648350127630219e+14 5.0109994691559960e-07 -1.2367275794943556e+01
1.9685697950578884e+14 7.1313518825361686e-07 -1.2232322009679871e+01
1.9723188026315791e+14 6.7391430096942160e-07 -1.3769107658935638e+01
("port 3","mode 3",1,"port 4",1,"transmission")
(20, 3)
1.9034441777777778e+14 1.3638201611892872e-06 -2.3964789142364422e+00
1.9069490130565788e+14 1.3242143920981288e-06 -3.9358464865498672e+00
1.9104667791380178e+14 9.7434241394522772e-07 -5.4779909581993511e+00
1.9139975477150541e+14 8.3544845482180257e-07 -6.1888490409580843e+00
1.9175413910116141e+14 1.0622933961732794e-06 -6.9536808468346747e+00
1.9210983817875212e+14 1.2068913401035853e-06 -8.5250454171967114e+00
1.9246685933434703e+14 7.6118593279154436e-07 -9.6102452753195475e+00
1.9282520995260666e+14 6.2604959538793986e-07 -1.0073528324084609e+01
1.9318489747329153e+14 1.0539050123522632e-06 -1.0748770963709244e+01
1.9354592939177712e+14 9.7434560383489674e-07 -1.2146296529750025e+01
1.9390831325957447e+14 3.4499461539082352e-07 -1.2913550300118553e+01
1.9427205668485675e+14 6.3356991307576019e-07 -1.2507784710082614e+01
1.9463716733299162e+14 8.4730707551724613e-07 -1.3776480041447133e+01
1.9500365292707978e+14 3.1281940378236248e-07 -1.5227562798614889e+01
1.9537152124849941e+14 7.4282167619923260e-07 -1.3545965973388679e+01
1.9574078013745706e+14 8.9105589664021061e-07 -1.5136432567242984e+01
1.9611143749354450e+14 1.3816206055958933e-06 -1.6468212870661084e+01
1.9648350127630219e+14 8.9357461981534942e-07 -1.7392800200394266e+01
1.9685697950578884e+14 6.8612581306080164e-07 -1.7851034195351478e+01
1.9723188026315791e+14 1.5111437872661632e-07 -1.8132112355000061e+01
("port 4","mode 3",1,"port 1",1,"transmission")
(20, 3)
1.9034441777777778e+14 1.5707314690475651e-04 -1.0944050470728679e+00
1.9069490130565788e+14 1.5485222983854476e-04 1.5767871026791036e+00
1.9104667791380178e+14 1.4404900296876306e-04 4.3782215428439830e+00
1.9139975477150541e+14 1.4383013303402359e-04 1.3095708972750961e+00
1.9175413910116141e+14 1.4683452677624820e-04 4.2194168886297980e+00
1.9210983817875212e+14 1.5199412137190853e-04 6.5728462360540938e+00
1.9246685933434703e+14 1.4027204767074535e-04 9.3942201289390965e+00
1.9282520995260666e+14 1.3138596524572070e-04 1.2363506148561608e+01
1.9318489747329153e+14 1.4109952545272598e-04 1.5313957295936577e+01
1.9354592939177712e+14 1.4747703211332984e-04 1.8209099867202426e+01
1.9390831325957447e+14 1.4861544483940365e-04 2.1085899182349625e+01
1.9427205668485675e+14 1.4281146364673232e-04 2.4054675981364092e+01
1.9463716733299162e+14 1.4931739121072182e-04 2.7068950380323503e+01
1.9500365292707978e+14 1.5449419107851876e-04 3.0013797501439143e+01
1.9537152124849941e+14 1.5894255178652928e-04 3.3064311166908091e+01
1.9574078013745706e+14 1.6110129534761269e-04 3.6022751675253318e+01
1.9611143749354450e+14 1.6356556978505801e-04 3.9026164069022919e+01
1.9648350127630219e+14 1.7190366677264325e-04 4.2058569932518907e+01
1.9685697950578884e+14 1.8454772147882435e-04 3.9578148514050319e+01
1.9723188026315791e+14 1.8762730498795031e-04 4.2616578959416906e+01
("port 4","mode 3",1,"port 2",1,"transmission")
(20, 3)
1.9034441777777778e+14 2.7030891328661829e-05 -2.6627070441024330e+00
1.9069490130565788e+14 1.6267050229944284e-05 -1.4387555234586198e+00
1.9104667791380178e+14 1.3052505408072750e-05 -4.3184666352925732e-01
1.9139975477150541e+14 2.0840170107974639e-05 9.2831017849291819e-01
1.9175413910116141e+14 1.0607639915322268e-05 3.0231370588580040e+00
1.9210983817875212e+14 5.3640971123044691e-06 2.8859170090925121e+00
1.9246685933434703e+14 1.6867066200178795e-05 4.8033648258815758e+00
1.9282520995260666e+14 1.8778840278995007e-05 7.2531668892425039e+00
1.9318489747329153e+14 1.5926350691399063e-05 4.2462067415641549e+00
1.9354592939177712e+14 2.5518069355051472e-05 6.5925871890129226e+00
1.9390831325957447e+14 1.9368548669401093e-05 9.5737718616236140e+00
1.9427205668485675e+14 3.1878355253169494e-05 6.5600009420075223e+00
1.9463716733299162e+14 3.5550837643385837e-05 3.7515617468368840e+00
1.9500365292707978e+14 5.1286683229072774e-05 6.1207137968652443e+00
1.9537152124849941e+14 5.6328954631655132e-05 9.2470333790645647e+00
1.9574078013745706e+14 3.3605261590500449e-05 1.1654963693569531e+01
1.9611143749354450e+14 4.1248616976680278e-05 8.6893238510667175e+00
1.9648350127630219e+14 4.4250383175638759e-05 6.2954096424723396e+00
1.9685697950578884e+14 6.0608797419645486e-05 8.4987532750087418e+00
1.9723188026315791e+14 5.5402442686449072e-05 1.1428369393552421e+01
("port 4","mode 3",1,"port 3",1,"transmission")
(20, 3)
1.9034441777777778e+14 1.3638201603890230e-06 -2.3964789147805448e+00
1.9069490130565788e+14 1.3242143912318536e-06 -3.9358464864594032e+00
1.9104667791380178e+14 9.7434241370546425e-07 -5.4779909573238985e+00
1.9139975477150541e+14 8.3544845584457389e-07 -6.1888490411150743e+00
1.9175413910116141e+14 1.0622933959510268e-06 -6.9536808478559076e+00
1.9210983817875212e+14 1.2068913389510888e-06 -8.5250454175785464e+00
1.9246685933434703e+14 7.6118593234921052e-07 -9.6102452741500883e+00
1.9282520995260666e+14 6.2604959599481683e-07 -1.0073528324138632e+01
1.9318489747329153e+14 1.0539050121672614e-06 -1.0748770964418028e+01
1.9354592939177712e+14 9.7434560295591455e-07 -1.2146296529573151e+01
1.9390831325957447e+14 3.4499461585487238e-07 -1.2913550296954467e+01
1.9427205668485675e+14 6.3356991336433585e-07 -1.2507784712270139e+01
1.9463716733299162e+14 8.4730707465191886e-07 -1.3776480042795237e+01
1.9500365292707978e+14 3.1281940262528011e-07 -1.5227562798580031e+01
1.9537152124849941e+14 7.4282167646735802e-07 -1.3545965975607341e+01
1.9574078013745706e+14 8.9105589611217387e-07 -1.5136432569056886e+01
1.9611143749354450e+14 1.3816206033943422e-06 -1.6468212871701738e+01
1.9648350127630219e+14 8.9357461886573834e-07 -1.7392800199405670e+01
1.9685697950578884e+14 6.8612581425126250e-07 -1.7851034194651394e+01
1.9723188026315791e+14 1.5111437833797221e-07 -1.8132112367124638e+01
("port 4","mode 3",1,"port 4",1,"transmission")
(20, 3)
1.9034441777777778e+14 2.4924828060387564e-06 4.2720877964793164e-01
1.9069490130565788e+14 1.9864525399539423e-06 -7.6121938546347390e-01
1.9104667791380178e+14 1.8926176975242935e-06 -1.7001349460931634e+00
1.9139975477150541e+14 1.4618395509755196e-06 -2.6330099811898435e+00
1.9175413910116141e+14 2.1253924746570045e-06 -3.6910409587097348e+00
1.9210983817875212e+14 1.7973843305288819e-06 -4.9083778081317071e+00
1.9246685933434703e+14 1.2035815677606747e-06 -5.8297253050189592e+00
1.9282520995260666e+14 1.1949412300850225e-06 -6.4514310211674868e+00
1.9318489747329153e+14 1.3334440827900882e-06 -7.3559745888724892e+00
1.9354592939177712e+14 1.1199271385858754e-06 -8.4697790220219620e+00
1.9390831325957447e+14 5.1127841902518763e-07 -9.0851223077531973e+00
1.9427205668485675e+14 6.1735039676966471e-07 -9.2526777795151336e+00
1.9463716733299162e+14 5.4265678485929666e-07 -1.0079599594477457e+01
1.9500365292707978e+14 4.9564926178620512e-07 -8.6931683740116288e+00
1.9537152124849941e+14 7.7086942547661141e-07 -9.7953341421715265e+00
1.9574078013745706e+14 1.1810877502486646e-06 -1.0297354279198238e+01
1.9611143749354450e+14 7.6928600470960898e-07 -1.1950712585280133e+01
1.9648350127630219e+14 5.0109994678529851e-07 -1.2367275810095247e+01
1.9685697950578884e+14 7.1313518528884326e-07 -1.2232322025511808e+01
1.9723188026315791e+14 6.7391430112894225e-07 -1.3769107677329851e+01
