["port1","LEFT"]
["port2","RIGHT"]
["port3","LEFT"]
["port4","RIGHT"]
("port2","mode 1",1,"port2",1,"transmission",0)
(23, 3)
1.9034441777777778e+14 0.0000000000000000e+00 0.0000000000000000e+00
1.9068879090204678e+14 0.0000000000000000e+00 0.0000000000000000e+00
1.9103316402631578e+14 0.0000000000000000e+00 0.0000000000000000e+00
1.9137753715058481e+14 0.0000000000000000e+00 0.0000000000000000e+00
1.9172191027485381e+14 0.0000000000000000e+00 0.0000000000000000e+00
1.9206628339912281e+14 0.0000000000000000e+00 0.0000000000000000e+00
1.9241065652339181e+14 0.0000000000000000e+00 0.0000000000000000e+00
1.9275502964766081e+14 0.0000000000000000e+00 0.0000000000000000e+00
1.9309940277192984e+14 0.0000000000000000e+00 0.0000000000000000e+00
1.9344377589619884e+14 0.0000000000000000e+00 0.0000000000000000e+00
1.9376877020556581e+14 0.0000000000000000e+00 0.0000000000000000e+00
1.9378814902046784e+14 0.0000000000000000e+00 0.0000000000000000e+00
1.9380752783536988e+14 0.0000000000000000e+00 0.0000000000000000e+00
1.9413252214473684e+14 0.0000000000000000e+00 0.0000000000000000e+00
1.9447689526900584e+14 0.0000000000000000e+00 0.0000000000000000e+00
1.9482126839327488e+14 0.0000000000000000e+00 0.0000000000000000e+00
1.9516564151754388e+14 0.0000000000000000e+00 0.0000000000000000e+00
1.9551001464181288e+14 0.0000000000000000e+00 0.0000000000000000e+00
1.9585438776608188e+14 0.0000000000000000e+00 0.0000000000000000e+00
1.9619876089035088e+14 0.0000000000000000e+00 0.0000000000000000e+00
1.9654313401461991e+14 0.0000000000000000e+00 0.0000000000000000e+00
1.9688750713888891e+14 0.0000000000000000e+00 0.0000000000000000e+00
1.9723188026315791e+14 0.0000000000000000e+00 0.0000000000000000e+00
("port2","mode 1",1,"port3",1,"transmission",0.0000000000000000e+00)
(23, 3)
1.9034441777777778e+14 0.0000000000000000e+00 0.0000000000000000e+00
1.9068879090204678e+14 0.0000000000000000e+00 0.0000000000000000e+00
1.9103316402631578e+14 0.0000000000000000e+00 0.0000000000000000e+00
1.9137753715058481e+14 0.0000000000000000e+00 0.0000000000000000e+00
1.9172191027485381e+14 0.0000000000000000e+00 0.0000000000000000e+00
1.9206628339912281e+14 0.0000000000000000e+00 0.0000000000000000e+00
1.9241065652339181e+14 0.0000000000000000e+00 0.0000000000000000e+00
1.9275502964766081e+14 0.0000000000000000e+00 0.0000000000000000e+00
1.9309940277192984e+14 0.0000000000000000e+00 0.0000000000000000e+00
1.9344377589619884e+14 0.0000000000000000e+00 0.0000000000000000e+00
1.9376877020556581e+14 0.0000000000000000e+00 0.0000000000000000e+00
1.9378814902046784e+14 0.0000000000000000e+00 0.0000000000000000e+00
1.9380752783536988e+14 0.0000000000000000e+00 0.0000000000000000e+00
1.9413252214473684e+14 0.0000000000000000e+00 0.0000000000000000e+00
1.9447689526900584e+14 0.0000000000000000e+00 0.0000000000000000e+00
1.9482126839327488e+14 0.0000000000000000e+00 0.0000000000000000e+00
1.9516564151754388e+14 0.0000000000000000e+00 0.0000000000000000e+00
1.9551001464181288e+14 0.0000000000000000e+00 0.0000000000000000e+00
1.9585438776608188e+14 0.0000000000000000e+00 0.0000000000000000e+00
1.9619876089035088e+14 0.0000000000000000e+00 0.0000000000000000e+00
1.9654313401461991e+14 0.0000000000000000e+00 0.0000000000000000e+00
1.9688750713888891e+14 0.0000000000000000e+00 0.0000000000000000e+00
1.9723188026315791e+14 0.0000000000000000e+00 0.0000000000000000e+00
("port2","mode 1",1,"port4",1,"transmission",0.0000000000000000e+00)
(23, 3)
1.9034441777777778e+14 0.0000000000000000e+00 0.0000000000000000e+00
1.9068879090204678e+14 0.0000000000000000e+00 0.0000000000000000e+00
1.9103316402631578e+14 0.0000000000000000e+00 0.0000000000000000e+00
1.9137753715058481e+14 0.0000000000000000e+00 0.0000000000000000e+00
1.9172191027485381e+14 0.0000000000000000e+00 0.0000000000000000e+00
1.9206628339912281e+14 0.0000000000000000e+00 0.0000000000000000e+00
1.9241065652339181e+14 0.0000000000000000e+00 0.0000000000000000e+00
1.9275502964766081e+14 0.0000000000000000e+00 0.0000000000000000e+00
1.9309940277192984e+14 0.0000000000000000e+00 0.0000000000000000e+00
1.9344377589619884e+14 0.0000000000000000e+00 0.0000000000000000e+00
1.9376877020556581e+14 0.0000000000000000e+00 0.0000000000000000e+00
1.9378814902046784e+14 0.0000000000000000e+00 0.0000000000000000e+00
1.9380752783536988e+14 0.0000000000000000e+00 0.0000000000000000e+00
1.9413252214473684e+14 0.0000000000000000e+00 0.0000000000000000e+00
1.9447689526900584e+14 0.0000000000000000e+00 0.0000000000000000e+00
1.9482126839327488e+14 0.0000000000000000e+00 0.0000000000000000e+00
1.9516564151754388e+14 0.0000000000000000e+00 0.0000000000000000e+00
1.9551001464181288e+14 0.0000000000000000e+00 0.0000000000000000e+00
1.9585438776608188e+14 0.0000000000000000e+00 0.0000000000000000e+00
1.9619876089035088e+14 0.0000000000000000e+00 0.0000000000000000e+00
1.9654313401461991e+14 0.0000000000000000e+00 0.0000000000000000e+00
1.9688750713888891e+14 0.0000000000000000e+00 0.0000000000000000e+00
1.9723188026315791e+14 0.0000000000000000e+00 0.0000000000000000e+00
("port2","mode 1",1,"port1",1,"transmission",1.1921430136830187e-12)
(23, 3)
1.9034441777777778e+14 2.3555658107675048e-03 1.7026467323807739e+00
1.9068879090204678e+14 2.1549020881625343e-03 1.7531656024339555e+00
1.9103316402631578e+14 1.9587292028816010e-03 1.8043053128193611e+00
1.9137753715058481e+14 1.7736064012573837e-03 1.8552473343226490e+00
1.9172191027485381e+14 1.5955844486009326e-03 1.9014634737913207e+00
1.9206628339912281e+14 1.4236435170345847e-03 1.9412528251503360e+00
1.9241065652339181e+14 1.2660651529029284e-03 1.9752389482756745e+00
1.9275502964766081e+14 1.1225309350478112e-03 2.0032258258707731e+00
1.9309940277192984e+14 9.8985062061875237e-04 2.0231271705047358e+00
1.9344377589619884e+14 8.7455223862624248e-04 2.0322284482735453e+00
1.9376877020556581e+14 7.8636940624930121e-04 2.0327846143164496e+00
1.9378814902046784e+14 7.8163260130290405e-04 2.0327930758960702e+00
1.9380752783536988e+14 7.7695061102090834e-04 2.0327846143164496e+00
1.9413252214473684e+14 7.0850159115614026e-04 2.0321269397520405e+00
1.9447689526900584e+14 6.5363927602106757e-04 2.0380465005474386e+00
1.9482126839327488e+14 6.1516567845143412e-04 2.0590266830009569e+00
1.9516564151754388e+14 5.8759630375612075e-04 2.1004707190773249e+00
1.9551001464181288e+14 5.6939296599514027e-04 2.1640048989629874e+00
1.9585438776608188e+14 5.6222860743244951e-04 2.2549253553555535e+00
1.9619876089035088e+14 5.6228977004244712e-04 2.3777602755257461e+00
1.9654313401461991e+14 5.6413978482867640e-04 2.5269473153487265e+00
1.9688750713888891e+14 5.6865942387736876e-04 2.6929789898972567e+00
1.9723188026315791e+14 5.7880545540617051e-04 2.8710883466205286e+00
("port3","mode 1",1,"port2",1,"transmission",0.0000000000000000e+00)
(23, 3)
1.9034441777777778e+14 0.0000000000000000e+00 0.0000000000000000e+00
1.9068879090204678e+14 0.0000000000000000e+00 0.0000000000000000e+00
1.9103316402631578e+14 0.0000000000000000e+00 0.0000000000000000e+00
1.9137753715058481e+14 0.0000000000000000e+00 0.0000000000000000e+00
1.9172191027485381e+14 0.0000000000000000e+00 0.0000000000000000e+00
1.9206628339912281e+14 0.0000000000000000e+00 0.0000000000000000e+00
1.9241065652339181e+14 0.0000000000000000e+00 0.0000000000000000e+00
1.9275502964766081e+14 0.0000000000000000e+00 0.0000000000000000e+00
1.9309940277192984e+14 0.0000000000000000e+00 0.0000000000000000e+00
1.9344377589619884e+14 0.0000000000000000e+00 0.0000000000000000e+00
1.9376877020556581e+14 0.0000000000000000e+00 0.0000000000000000e+00
1.9378814902046784e+14 0.0000000000000000e+00 0.0000000000000000e+00
1.9380752783536988e+14 0.0000000000000000e+00 0.0000000000000000e+00
1.9413252214473684e+14 0.0000000000000000e+00 0.0000000000000000e+00
1.9447689526900584e+14 0.0000000000000000e+00 0.0000000000000000e+00
1.9482126839327488e+14 0.0000000000000000e+00 0.0000000000000000e+00
1.9516564151754388e+14 0.0000000000000000e+00 0.0000000000000000e+00
1.9551001464181288e+14 0.0000000000000000e+00 0.0000000000000000e+00
1.9585438776608188e+14 0.0000000000000000e+00 0.0000000000000000e+00
1.9619876089035088e+14 0.0000000000000000e+00 0.0000000000000000e+00
1.9654313401461991e+14 0.0000000000000000e+00 0.0000000000000000e+00
1.9688750713888891e+14 0.0000000000000000e+00 0.0000000000000000e+00
1.9723188026315791e+14 0.0000000000000000e+00 0.0000000000000000e+00
("port3","mode 1",1,"port3",1,"transmission",0.0000000000000000e+00)
(23, 3)
1.9034441777777778e+14 0.0000000000000000e+00 0.0000000000000000e+00
1.9068879090204678e+14 0.0000000000000000e+00 0.0000000000000000e+00
1.9103316402631578e+14 0.0000000000000000e+00 0.0000000000000000e+00
1.9137753715058481e+14 0.0000000000000000e+00 0.0000000000000000e+00
1.9172191027485381e+14 0.0000000000000000e+00 0.0000000000000000e+00
1.9206628339912281e+14 0.0000000000000000e+00 0.0000000000000000e+00
1.9241065652339181e+14 0.0000000000000000e+00 0.0000000000000000e+00
1.9275502964766081e+14 0.0000000000000000e+00 0.0000000000000000e+00
1.9309940277192984e+14 0.0000000000000000e+00 0.0000000000000000e+00
1.9344377589619884e+14 0.0000000000000000e+00 0.0000000000000000e+00
1.9376877020556581e+14 0.0000000000000000e+00 0.0000000000000000e+00
1.9378814902046784e+14 0.0000000000000000e+00 0.0000000000000000e+00
1.9380752783536988e+14 0.0000000000000000e+00 0.0000000000000000e+00
1.9413252214473684e+14 0.0000000000000000e+00 0.0000000000000000e+00
1.9447689526900584e+14 0.0000000000000000e+00 0.0000000000000000e+00
1.9482126839327488e+14 0.0000000000000000e+00 0.0000000000000000e+00
1.9516564151754388e+14 0.0000000000000000e+00 0.0000000000000000e+00
1.9551001464181288e+14 0.0000000000000000e+00 0.0000000000000000e+00
1.9585438776608188e+14 0.0000000000000000e+00 0.0000000000000000e+00
1.9619876089035088e+14 0.0000000000000000e+00 0.0000000000000000e+00
1.9654313401461991e+14 0.0000000000000000e+00 0.0000000000000000e+00
1.9688750713888891e+14 0.0000000000000000e+00 0.0000000000000000e+00
1.9723188026315791e+14 0.0000000000000000e+00 0.0000000000000000e+00
("port3","mode 1",1,"port4",1,"transmission",0.0000000000000000e+00)
(23, 3)
1.9034441777777778e+14 0.0000000000000000e+00 0.0000000000000000e+00
1.9068879090204678e+14 0.0000000000000000e+00 0.0000000000000000e+00
1.9103316402631578e+14 0.0000000000000000e+00 0.0000000000000000e+00
1.9137753715058481e+14 0.0000000000000000e+00 0.0000000000000000e+00
1.9172191027485381e+14 0.0000000000000000e+00 0.0000000000000000e+00
1.9206628339912281e+14 0.0000000000000000e+00 0.0000000000000000e+00
1.9241065652339181e+14 0.0000000000000000e+00 0.0000000000000000e+00
1.9275502964766081e+14 0.0000000000000000e+00 0.0000000000000000e+00
1.9309940277192984e+14 0.0000000000000000e+00 0.0000000000000000e+00
1.9344377589619884e+14 0.0000000000000000e+00 0.0000000000000000e+00
1.9376877020556581e+14 0.0000000000000000e+00 0.0000000000000000e+00
1.9378814902046784e+14 0.0000000000000000e+00 0.0000000000000000e+00
1.9380752783536988e+14 0.0000000000000000e+00 0.0000000000000000e+00
1.9413252214473684e+14 0.0000000000000000e+00 0.0000000000000000e+00
1.9447689526900584e+14 0.0000000000000000e+00 0.0000000000000000e+00
1.9482126839327488e+14 0.0000000000000000e+00 0.0000000000000000e+00
1.9516564151754388e+14 0.0000000000000000e+00 0.0000000000000000e+00
1.9551001464181288e+14 0.0000000000000000e+00 0.0000000000000000e+00
1.9585438776608188e+14 0.0000000000000000e+00 0.0000000000000000e+00
1.9619876089035088e+14 0.0000000000000000e+00 0.0000000000000000e+00
1.9654313401461991e+14 0.0000000000000000e+00 0.0000000000000000e+00
1.9688750713888891e+14 0.0000000000000000e+00 0.0000000000000000e+00
1.9723188026315791e+14 0.0000000000000000e+00 0.0000000000000000e+00
("port3","mode 1",1,"port1",1,"transmission",2.0252403679344738e-12)
(23, 3)
1.9034441777777778e+14 1.0843668495932367e-01 -2.5966536214511140e+00
1.9068879090204678e+14 1.0782425474769367e-01 -2.6630252264112499e+00
1.9103316402631578e+14 1.0656596160752631e-01 -2.7200692012969130e+00
1.9137753715058481e+14 1.0476176556468404e-01 -2.7671727736095870e+00
1.9172191027485381e+14 1.0274681176858882e-01 -2.8110014519508244e+00
1.9206628339912281e+14 1.0024611627624191e-01 -2.8438533489225297e+00
1.9241065652339181e+14 9.7263229301858878e-02 -2.8721919442174162e+00
1.9275502964766081e+14 9.4503426223578366e-02 -2.8948126491920001e+00
1.9309940277192984e+14 9.1224912244441098e-02 -2.9104545048540453e+00
1.9344377589619884e+14 8.7874860738777566e-02 -2.9208759311479024e+00
1.9376877020556581e+14 8.4723025110829103e-02 -2.9268525464664834e+00
1.9378814902046784e+14 8.4515033780735355e-02 -2.9268697963991275e+00
1.9380752783536988e+14 8.4307867540967363e-02 -2.9268525464664834e+00
1.9413252214473684e+14 8.1223529303200911e-02 -2.9275995115881073e+00
1.9447689526900584e+14 7.7654918064078163e-02 -2.9213086301413327e+00
1.9482126839327488e+14 7.4280249558672767e-02 -2.9139922817267849e+00
1.9516564151754388e+14 7.1110923655883368e-02 -2.9001078868440531e+00
1.9551001464181288e+14 6.7766014505465197e-02 -2.8811497605215401e+00
1.9585438776608188e+14 6.4514140749946311e-02 -2.8602985749064875e+00
1.9619876089035088e+14 6.1590079076009989e-02 -2.8356831634618591e+00
1.9654313401461991e+14 5.8617670889911343e-02 -2.8040216529582014e+00
1.9688750713888891e+14 5.5658832255056176e-02 -2.7715723294469008e+00
1.9723188026315791e+14 5.2972384458292388e-02 -2.7361548642544813e+00
("port4","mode 1",1,"port2",1,"transmission",0.0000000000000000e+00)
(23, 3)
1.9034441777777778e+14 0.0000000000000000e+00 0.0000000000000000e+00
1.9068879090204678e+14 0.0000000000000000e+00 0.0000000000000000e+00
1.9103316402631578e+14 0.0000000000000000e+00 0.0000000000000000e+00
1.9137753715058481e+14 0.0000000000000000e+00 0.0000000000000000e+00
1.9172191027485381e+14 0.0000000000000000e+00 0.0000000000000000e+00
1.9206628339912281e+14 0.0000000000000000e+00 0.0000000000000000e+00
1.9241065652339181e+14 0.0000000000000000e+00 0.0000000000000000e+00
1.9275502964766081e+14 0.0000000000000000e+00 0.0000000000000000e+00
1.9309940277192984e+14 0.0000000000000000e+00 0.0000000000000000e+00
1.9344377589619884e+14 0.0000000000000000e+00 0.0000000000000000e+00
1.9376877020556581e+14 0.0000000000000000e+00 0.0000000000000000e+00
1.9378814902046784e+14 0.0000000000000000e+00 0.0000000000000000e+00
1.9380752783536988e+14 0.0000000000000000e+00 0.0000000000000000e+00
1.9413252214473684e+14 0.0000000000000000e+00 0.0000000000000000e+00
1.9447689526900584e+14 0.0000000000000000e+00 0.0000000000000000e+00
1.9482126839327488e+14 0.0000000000000000e+00 0.0000000000000000e+00
1.9516564151754388e+14 0.0000000000000000e+00 0.0000000000000000e+00
1.9551001464181288e+14 0.0000000000000000e+00 0.0000000000000000e+00
1.9585438776608188e+14 0.0000000000000000e+00 0.0000000000000000e+00
1.9619876089035088e+14 0.0000000000000000e+00 0.0000000000000000e+00
1.9654313401461991e+14 0.0000000000000000e+00 0.0000000000000000e+00
1.9688750713888891e+14 0.0000000000000000e+00 0.0000000000000000e+00
1.9723188026315791e+14 0.0000000000000000e+00 0.0000000000000000e+00
("port4","mode 1",1,"port3",1,"transmission",0.0000000000000000e+00)
(23, 3)
1.9034441777777778e+14 0.0000000000000000e+00 0.0000000000000000e+00
1.9068879090204678e+14 0.0000000000000000e+00 0.0000000000000000e+00
1.9103316402631578e+14 0.0000000000000000e+00 0.0000000000000000e+00
1.9137753715058481e+14 0.0000000000000000e+00 0.0000000000000000e+00
1.9172191027485381e+14 0.0000000000000000e+00 0.0000000000000000e+00
1.9206628339912281e+14 0.0000000000000000e+00 0.0000000000000000e+00
1.9241065652339181e+14 0.0000000000000000e+00 0.0000000000000000e+00
1.9275502964766081e+14 0.0000000000000000e+00 0.0000000000000000e+00
1.9309940277192984e+14 0.0000000000000000e+00 0.0000000000000000e+00
1.9344377589619884e+14 0.0000000000000000e+00 0.0000000000000000e+00
1.9376877020556581e+14 0.0000000000000000e+00 0.0000000000000000e+00
1.9378814902046784e+14 0.0000000000000000e+00 0.0000000000000000e+00
1.9380752783536988e+14 0.0000000000000000e+00 0.0000000000000000e+00
1.9413252214473684e+14 0.0000000000000000e+00 0.0000000000000000e+00
1.9447689526900584e+14 0.0000000000000000e+00 0.0000000000000000e+00
1.9482126839327488e+14 0.0000000000000000e+00 0.0000000000000000e+00
1.9516564151754388e+14 0.0000000000000000e+00 0.0000000000000000e+00
1.9551001464181288e+14 0.0000000000000000e+00 0.0000000000000000e+00
1.9585438776608188e+14 0.0000000000000000e+00 0.0000000000000000e+00
1.9619876089035088e+14 0.0000000000000000e+00 0.0000000000000000e+00
1.9654313401461991e+14 0.0000000000000000e+00 0.0000000000000000e+00
1.9688750713888891e+14 0.0000000000000000e+00 0.0000000000000000e+00
1.9723188026315791e+14 0.0000000000000000e+00 0.0000000000000000e+00
("port4","mode 1",1,"port4",1,"transmission",0.0000000000000000e+00)
(23, 3)
1.9034441777777778e+14 0.0000000000000000e+00 0.0000000000000000e+00
1.9068879090204678e+14 0.0000000000000000e+00 0.0000000000000000e+00
1.9103316402631578e+14 0.0000000000000000e+00 0.0000000000000000e+00
1.9137753715058481e+14 0.0000000000000000e+00 0.0000000000000000e+00
1.9172191027485381e+14 0.0000000000000000e+00 0.0000000000000000e+00
1.9206628339912281e+14 0.0000000000000000e+00 0.0000000000000000e+00
1.9241065652339181e+14 0.0000000000000000e+00 0.0000000000000000e+00
1.9275502964766081e+14 0.0000000000000000e+00 0.0000000000000000e+00
1.9309940277192984e+14 0.0000000000000000e+00 0.0000000000000000e+00
1.9344377589619884e+14 0.0000000000000000e+00 0.0000000000000000e+00
1.9376877020556581e+14 0.0000000000000000e+00 0.0000000000000000e+00
1.9378814902046784e+14 0.0000000000000000e+00 0.0000000000000000e+00
1.9380752783536988e+14 0.0000000000000000e+00 0.0000000000000000e+00
1.9413252214473684e+14 0.0000000000000000e+00 0.0000000000000000e+00
1.9447689526900584e+14 0.0000000000000000e+00 0.0000000000000000e+00
1.9482126839327488e+14 0.0000000000000000e+00 0.0000000000000000e+00
1.9516564151754388e+14 0.0000000000000000e+00 0.0000000000000000e+00
1.9551001464181288e+14 0.0000000000000000e+00 0.0000000000000000e+00
1.9585438776608188e+14 0.0000000000000000e+00 0.0000000000000000e+00
1.9619876089035088e+14 0.0000000000000000e+00 0.0000000000000000e+00
1.9654313401461991e+14 0.0000000000000000e+00 0.0000000000000000e+00
1.9688750713888891e+14 0.0000000000000000e+00 0.0000000000000000e+00
1.9723188026315791e+14 0.0000000000000000e+00 0.0000000000000000e+00
("port4","mode 1",1,"port1",1,"transmission",1.2307695650904085e-12)
(23, 3)
1.9034441777777778e+14 5.2841185140887646e-03 2.0130721122382784e+00
1.9068879090204678e+14 4.9730281485537787e-03 1.9590641901620816e+00
1.9103316402631578e+14 4.6705082089371656e-03 1.9140255975295055e+00
1.9137753715058481e+14 4.3943960122200965e-03 1.8767917612072997e+00
1.9172191027485381e+14 4.1444613837795597e-03 1.8444680609570645e+00
1.9206628339912281e+14 3.9111027699918963e-03 1.8191984438932047e+00
1.9241065652339181e+14 3.7001132495513549e-03 1.8010221392138985e+00
1.9275502964766081e+14 3.5102356986651652e-03 1.7868701541908567e+00
1.9309940277192984e+14 3.3298202787125581e-03 1.7772744989938172e+00
1.9344377589619884e+14 3.1574778850866039e-03 1.7724530166238319e+00
1.9376877020556581e+14 3.0046162617248227e-03 1.7699633738243077e+00
1.9378814902046784e+14 2.9954384491372643e-03 1.7699649597605913e+00
1.9380752783536988e+14 2.9862461974591043e-03 1.7699633738243077e+00
1.9413252214473684e+14 2.8376217184041598e-03 1.7708325675650765e+00
1.9447689526900584e+14 2.6772490243611490e-03 1.7771808105230076e+00
1.9482126839327488e+14 2.5126573917461353e-03 1.7869254310208700e+00
1.9516564151754388e+14 2.3433341640960218e-03 1.7989782283785360e+00
1.9551001464181288e+14 2.1680626162917278e-03 1.8162529318768534e+00
1.9585438776608188e+14 1.9867626426804835e-03 1.8400446821849230e+00
1.9619876089035088e+14 1.8002329659501518e-03 1.8701266718468741e+00
1.9654313401461991e+14 1.6077561307806809e-03 1.9094233048978493e+00
1.9688750713888891e+14 1.4084241160401086e-03 1.9608106827324481e+00
1.9723188026315791e+14 1.2052638474551742e-03 2.0244146167327384e+00
("port1","mode 1",1,"port2",1,"transmission",0.0000000000000000e+00)
(23, 3)
1.9034441777777778e+14 0.0000000000000000e+00 0.0000000000000000e+00
1.9068879090204678e+14 0.0000000000000000e+00 0.0000000000000000e+00
1.9103316402631578e+14 0.0000000000000000e+00 0.0000000000000000e+00
1.9137753715058481e+14 0.0000000000000000e+00 0.0000000000000000e+00
1.9172191027485381e+14 0.0000000000000000e+00 0.0000000000000000e+00
1.9206628339912281e+14 0.0000000000000000e+00 0.0000000000000000e+00
1.9241065652339181e+14 0.0000000000000000e+00 0.0000000000000000e+00
1.9275502964766081e+14 0.0000000000000000e+00 0.0000000000000000e+00
1.9309940277192984e+14 0.0000000000000000e+00 0.0000000000000000e+00
1.9344377589619884e+14 0.0000000000000000e+00 0.0000000000000000e+00
1.9376877020556581e+14 0.0000000000000000e+00 0.0000000000000000e+00
1.9378814902046784e+14 0.0000000000000000e+00 0.0000000000000000e+00
1.9380752783536988e+14 0.0000000000000000e+00 0.0000000000000000e+00
1.9413252214473684e+14 0.0000000000000000e+00 0.0000000000000000e+00
1.9447689526900584e+14 0.0000000000000000e+00 0.0000000000000000e+00
1.9482126839327488e+14 0.0000000000000000e+00 0.0000000000000000e+00
1.9516564151754388e+14 0.0000000000000000e+00 0.0000000000000000e+00
1.9551001464181288e+14 0.0000000000000000e+00 0.0000000000000000e+00
1.9585438776608188e+14 0.0000000000000000e+00 0.0000000000000000e+00
1.9619876089035088e+14 0.0000000000000000e+00 0.0000000000000000e+00
1.9654313401461991e+14 0.0000000000000000e+00 0.0000000000000000e+00
1.9688750713888891e+14 0.0000000000000000e+00 0.0000000000000000e+00
1.9723188026315791e+14 0.0000000000000000e+00 0.0000000000000000e+00
("port1","mode 1",1,"port3",1,"transmission",0.0000000000000000e+00)
(23, 3)
1.9034441777777778e+14 0.0000000000000000e+00 0.0000000000000000e+00
1.9068879090204678e+14 0.0000000000000000e+00 0.0000000000000000e+00
1.9103316402631578e+14 0.0000000000000000e+00 0.0000000000000000e+00
1.9137753715058481e+14 0.0000000000000000e+00 0.0000000000000000e+00
1.9172191027485381e+14 0.0000000000000000e+00 0.0000000000000000e+00
1.9206628339912281e+14 0.0000000000000000e+00 0.0000000000000000e+00
1.9241065652339181e+14 0.0000000000000000e+00 0.0000000000000000e+00
1.9275502964766081e+14 0.0000000000000000e+00 0.0000000000000000e+00
1.9309940277192984e+14 0.0000000000000000e+00 0.0000000000000000e+00
1.9344377589619884e+14 0.0000000000000000e+00 0.0000000000000000e+00
1.9376877020556581e+14 0.0000000000000000e+00 0.0000000000000000e+00
1.9378814902046784e+14 0.0000000000000000e+00 0.0000000000000000e+00
1.9380752783536988e+14 0.0000000000000000e+00 0.0000000000000000e+00
1.9413252214473684e+14 0.0000000000000000e+00 0.0000000000000000e+00
1.9447689526900584e+14 0.0000000000000000e+00 0.0000000000000000e+00
1.9482126839327488e+14 0.0000000000000000e+00 0.0000000000000000e+00
1.9516564151754388e+14 0.0000000000000000e+00 0.0000000000000000e+00
1.9551001464181288e+14 0.0000000000000000e+00 0.0000000000000000e+00
1.9585438776608188e+14 0.0000000000000000e+00 0.0000000000000000e+00
1.9619876089035088e+14 0.0000000000000000e+00 0.0000000000000000e+00
1.9654313401461991e+14 0.0000000000000000e+00 0.0000000000000000e+00
1.9688750713888891e+14 0.0000000000000000e+00 0.0000000000000000e+00
1.9723188026315791e+14 0.0000000000000000e+00 0.0000000000000000e+00
("port1","mode 1",1,"port4",1,"transmission",0.0000000000000000e+00)
(23, 3)
1.9034441777777778e+14 0.0000000000000000e+00 0.0000000000000000e+00
1.9068879090204678e+14 0.0000000000000000e+00 0.0000000000000000e+00
1.9103316402631578e+14 0.0000000000000000e+00 0.0000000000000000e+00
1.9137753715058481e+14 0.0000000000000000e+00 0.0000000000000000e+00
1.9172191027485381e+14 0.0000000000000000e+00 0.0000000000000000e+00
1.9206628339912281e+14 0.0000000000000000e+00 0.0000000000000000e+00
1.9241065652339181e+14 0.0000000000000000e+00 0.0000000000000000e+00
1.9275502964766081e+14 0.0000000000000000e+00 0.0000000000000000e+00
1.9309940277192984e+14 0.0000000000000000e+00 0.0000000000000000e+00
1.9344377589619884e+14 0.0000000000000000e+00 0.0000000000000000e+00
1.9376877020556581e+14 0.0000000000000000e+00 0.0000000000000000e+00
1.9378814902046784e+14 0.0000000000000000e+00 0.0000000000000000e+00
1.9380752783536988e+14 0.0000000000000000e+00 0.0000000000000000e+00
1.9413252214473684e+14 0.0000000000000000e+00 0.0000000000000000e+00
1.9447689526900584e+14 0.0000000000000000e+00 0.0000000000000000e+00
1.9482126839327488e+14 0.0000000000000000e+00 0.0000000000000000e+00
1.9516564151754388e+14 0.0000000000000000e+00 0.0000000000000000e+00
1.9551001464181288e+14 0.0000000000000000e+00 0.0000000000000000e+00
1.9585438776608188e+14 0.0000000000000000e+00 0.0000000000000000e+00
1.9619876089035088e+14 0.0000000000000000e+00 0.0000000000000000e+00
1.9654313401461991e+14 0.0000000000000000e+00 0.0000000000000000e+00
1.9688750713888891e+14 0.0000000000000000e+00 0.0000000000000000e+00
1.9723188026315791e+14 0.0000000000000000e+00 0.0000000000000000e+00
("port1","mode 1",1,"port1",1,"transmission",1.7229410012289815e-12)
(23, 3)
1.9034441777777778e+14 5.3876593710399177e-02 1.4378550166791642e+00
1.9068879090204678e+14 3.2978913486750604e-02 1.6531521759882148e+00
1.9103316402631578e+14 5.2336029553983136e-02 2.1507326341167126e+00
1.9137753715058481e+14 4.9567330634026088e-02 3.1917433205152586e+00
1.9172191027485381e+14 2.7000380481230379e-02 3.7029791154850571e+00
1.9206628339912281e+14 3.9040362550508363e-02 3.9718770511176040e+00
1.9241065652339181e+14 4.0867124414731767e-02 4.9823298545196337e+00
1.9275502964766081e+14 2.6975508525115776e-02 5.7187837254605167e+00
1.9309940277192984e+14 2.4369006122926373e-02 6.0079025128418566e+00
1.9344377589619884e+14 3.1828173059945550e-02 6.7121558872749665e+00
1.9376877020556581e+14 2.6707665702930712e-02 7.7570359840061665e+00
1.9378814902046784e+14 2.8155733025520428e-02 7.7616678190423185e+00
1.9380752783536988e+14 2.9372027568124480e-02 7.7570359840061656e+00
1.9413252214473684e+14 1.5262197357547153e-02 8.2625338831217299e+00
1.9447689526900584e+14 2.2628612740294388e-02 8.5885553477289136e+00
1.9482126839327488e+14 2.5824293220512183e-02 9.6515266645729891e+00
1.9516564151754388e+14 1.6695262755198791e-02 1.0695716318714927e+01
1.9551001464181288e+14 1.1680093589925901e-02 1.0561019765379616e+01
1.9585438776608188e+14 2.3585539168935573e-02 1.1506700050412036e+01
1.9619876089035088e+14 1.8675439921043993e-02 1.2851884183406248e+01
1.9654313401461991e+14 7.3107376505077877e-03 1.3066369794353747e+01
1.9688750713888891e+14 1.6087808214944661e-02 1.3462851049129466e+01
1.9723188026315791e+14 1.8772171291959700e-02 1.4647111408654652e+01
