["port lower 1","LEFT"]
["port lower 2","RIGHT"]
["port upper 1","LEFT"]
["port upper 2","RIGHT"]
("port lower 2","mode 1",1,"port lower 2",1,"transmission")
(23, 3)
1.8737028624999997e+14 0.0000000000000000e+00 0.0000000000000000e+00
1.8799485387083331e+14 0.0000000000000000e+00 0.0000000000000000e+00
1.8861942149166662e+14 0.0000000000000000e+00 0.0000000000000000e+00
1.8924398911249997e+14 0.0000000000000000e+00 0.0000000000000000e+00
1.8986855673333331e+14 0.0000000000000000e+00 0.0000000000000000e+00
1.9049312435416662e+14 0.0000000000000000e+00 0.0000000000000000e+00
1.9111769197499997e+14 0.0000000000000000e+00 0.0000000000000000e+00
1.9174225959583331e+14 0.0000000000000000e+00 0.0000000000000000e+00
1.9236682721666666e+14 0.0000000000000000e+00 0.0000000000000000e+00
1.9299139483749997e+14 0.0000000000000000e+00 0.0000000000000000e+00
1.9359660086208747e+14 0.0000000000000000e+00 0.0000000000000000e+00
1.9361596245833331e+14 0.0000000000000000e+00 0.0000000000000000e+00
1.9363532405457916e+14 0.0000000000000000e+00 0.0000000000000000e+00
1.9424053007916666e+14 0.0000000000000000e+00 0.0000000000000000e+00
1.9486509769999997e+14 0.0000000000000000e+00 0.0000000000000000e+00
1.9548966532083331e+14 0.0000000000000000e+00 0.0000000000000000e+00
1.9611423294166666e+14 0.0000000000000000e+00 0.0000000000000000e+00
1.9673880056250000e+14 0.0000000000000000e+00 0.0000000000000000e+00
1.9736336818333331e+14 0.0000000000000000e+00 0.0000000000000000e+00
1.9798793580416666e+14 0.0000000000000000e+00 0.0000000000000000e+00
1.9861250342500000e+14 0.0000000000000000e+00 0.0000000000000000e+00
1.9923707104583331e+14 0.0000000000000000e+00 0.0000000000000000e+00
1.9986163866666666e+14 0.0000000000000000e+00 0.0000000000000000e+00
("port lower 2","mode 1",1,"port upper 2",1,"transmission")
(23, 3)
1.8737028624999997e+14 0.0000000000000000e+00 0.0000000000000000e+00
1.8799485387083331e+14 0.0000000000000000e+00 0.0000000000000000e+00
1.8861942149166662e+14 0.0000000000000000e+00 0.0000000000000000e+00
1.8924398911249997e+14 0.0000000000000000e+00 0.0000000000000000e+00
1.8986855673333331e+14 0.0000000000000000e+00 0.0000000000000000e+00
1.9049312435416662e+14 0.0000000000000000e+00 0.0000000000000000e+00
1.9111769197499997e+14 0.0000000000000000e+00 0.0000000000000000e+00
1.9174225959583331e+14 0.0000000000000000e+00 0.0000000000000000e+00
1.9236682721666666e+14 0.0000000000000000e+00 0.0000000000000000e+00
1.9299139483749997e+14 0.0000000000000000e+00 0.0000000000000000e+00
1.9359660086208747e+14 0.0000000000000000e+00 0.0000000000000000e+00
1.9361596245833331e+14 0.0000000000000000e+00 0.0000000000000000e+00
1.9363532405457916e+14 0.0000000000000000e+00 0.0000000000000000e+00
1.9424053007916666e+14 0.0000000000000000e+00 0.0000000000000000e+00
1.9486509769999997e+14 0.0000000000000000e+00 0.0000000000000000e+00
1.9548966532083331e+14 0.0000000000000000e+00 0.0000000000000000e+00
1.9611423294166666e+14 0.0000000000000000e+00 0.0000000000000000e+00
1.9673880056250000e+14 0.0000000000000000e+00 0.0000000000000000e+00
1.9736336818333331e+14 0.0000000000000000e+00 0.0000000000000000e+00
1.9798793580416666e+14 0.0000000000000000e+00 0.0000000000000000e+00
1.9861250342500000e+14 0.0000000000000000e+00 0.0000000000000000e+00
1.9923707104583331e+14 0.0000000000000000e+00 0.0000000000000000e+00
1.9986163866666666e+14 0.0000000000000000e+00 0.0000000000000000e+00
("port lower 2","mode 1",1,"port lower 1",1,"transmission")
(23, 3)
1.8737028624999997e+14 0.0000000000000000e+00 0.0000000000000000e+00
1.8799485387083331e+14 0.0000000000000000e+00 0.0000000000000000e+00
1.8861942149166662e+14 0.0000000000000000e+00 0.0000000000000000e+00
1.8924398911249997e+14 0.0000000000000000e+00 0.0000000000000000e+00
1.8986855673333331e+14 0.0000000000000000e+00 0.0000000000000000e+00
1.9049312435416662e+14 0.0000000000000000e+00 0.0000000000000000e+00
1.9111769197499997e+14 0.0000000000000000e+00 0.0000000000000000e+00
1.9174225959583331e+14 0.0000000000000000e+00 0.0000000000000000e+00
1.9236682721666666e+14 0.0000000000000000e+00 0.0000000000000000e+00
1.9299139483749997e+14 0.0000000000000000e+00 0.0000000000000000e+00
1.9359660086208747e+14 0.0000000000000000e+00 0.0000000000000000e+00
1.9361596245833331e+14 0.0000000000000000e+00 0.0000000000000000e+00
1.9363532405457916e+14 0.0000000000000000e+00 0.0000000000000000e+00
1.9424053007916666e+14 0.0000000000000000e+00 0.0000000000000000e+00
1.9486509769999997e+14 0.0000000000000000e+00 0.0000000000000000e+00
1.9548966532083331e+14 0.0000000000000000e+00 0.0000000000000000e+00
1.9611423294166666e+14 0.0000000000000000e+00 0.0000000000000000e+00
1.9673880056250000e+14 0.0000000000000000e+00 0.0000000000000000e+00
1.9736336818333331e+14 0.0000000000000000e+00 0.0000000000000000e+00
1.9798793580416666e+14 0.0000000000000000e+00 0.0000000000000000e+00
1.9861250342500000e+14 0.0000000000000000e+00 0.0000000000000000e+00
1.9923707104583331e+14 0.0000000000000000e+00 0.0000000000000000e+00
1.9986163866666666e+14 0.0000000000000000e+00 0.0000000000000000e+00
("port lower 2","mode 1",1,"port upper 1",1,"transmission")
(23, 3)
1.8737028624999997e+14 8.3520759823710267e-01 3.1927174749307319e-01
1.8799485387083331e+14 8.2891654152097916e-01 1.8958742017730650e+00
1.8861942149166662e+14 8.2053918628964562e-01 3.4871011128168012e+00
1.8924398911249997e+14 8.1002049188310588e-01 5.0928436326815749e+00
1.8986855673333331e+14 7.9724460720889745e-01 6.7130643665683065e+00
1.9049312435416662e+14 7.8225258570860889e-01 8.3475743032360405e+00
1.9111769197499997e+14 7.6510168237924292e-01 9.9965621281522736e+00
1.9174225959583331e+14 7.4574102619812355e-01 1.1659911847636897e+01
1.9236682721666666e+14 7.2433910633822829e-01 1.3337586597256109e+01
1.9299139483749997e+14 7.0082084818517987e-01 1.5029315480767757e+01
1.9359660086208747e+14 6.7615854346003057e-01 1.6681658092585781e+01
1.9361596245833331e+14 6.7533859393346485e-01 1.6734732047622252e+01
1.9363532405457916e+14 6.7451661692304021e-01 1.6787819138171638e+01
1.9424053007916666e+14 6.4778073801067426e-01 1.8453760643309472e+01
1.9486509769999997e+14 6.1814929624726567e-01 2.0186160677690804e+01
1.9548966532083331e+14 5.8649330098213559e-01 2.1932011460713127e+01
1.9611423294166666e+14 5.5293439771511155e-01 2.3691088680529447e+01
1.9673880056250000e+14 5.1765673746738705e-01 2.5463287856349016e+01
1.9736336818333331e+14 4.8069423411434636e-01 2.7248345526367849e+01
1.9798793580416666e+14 4.4213209131958786e-01 2.9046097791807728e+01
1.9861250342500000e+14 4.0210231252204048e-01 3.0856486423102410e+01
1.9923707104583331e+14 3.6084168869040184e-01 3.2679500502991885e+01
1.9986163866666666e+14 3.1856625735136995e-01 3.4514841875997035e+01
("port upper 2","mode 1",1,"port lower 2",1,"transmission")
(23, 3)
1.8737028624999997e+14 0.0000000000000000e+00 0.0000000000000000e+00
1.8799485387083331e+14 0.0000000000000000e+00 0.0000000000000000e+00
1.8861942149166662e+14 0.0000000000000000e+00 0.0000000000000000e+00
1.8924398911249997e+14 0.0000000000000000e+00 0.0000000000000000e+00
1.8986855673333331e+14 0.0000000000000000e+00 0.0000000000000000e+00
1.9049312435416662e+14 0.0000000000000000e+00 0.0000000000000000e+00
1.9111769197499997e+14 0.0000000000000000e+00 0.0000000000000000e+00
1.9174225959583331e+14 0.0000000000000000e+00 0.0000000000000000e+00
1.9236682721666666e+14 0.0000000000000000e+00 0.0000000000000000e+00
1.9299139483749997e+14 0.0000000000000000e+00 0.0000000000000000e+00
1.9359660086208747e+14 0.0000000000000000e+00 0.0000000000000000e+00
1.9361596245833331e+14 0.0000000000000000e+00 0.0000000000000000e+00
1.9363532405457916e+14 0.0000000000000000e+00 0.0000000000000000e+00
1.9424053007916666e+14 0.0000000000000000e+00 0.0000000000000000e+00
1.9486509769999997e+14 0.0000000000000000e+00 0.0000000000000000e+00
1.9548966532083331e+14 0.0000000000000000e+00 0.0000000000000000e+00
1.9611423294166666e+14 0.0000000000000000e+00 0.0000000000000000e+00
1.9673880056250000e+14 0.0000000000000000e+00 0.0000000000000000e+00
1.9736336818333331e+14 0.0000000000000000e+00 0.0000000000000000e+00
1.9798793580416666e+14 0.0000000000000000e+00 0.0000000000000000e+00
1.9861250342500000e+14 0.0000000000000000e+00 0.0000000000000000e+00
1.9923707104583331e+14 0.0000000000000000e+00 0.0000000000000000e+00
1.9986163866666666e+14 0.0000000000000000e+00 0.0000000000000000e+00
("port upper 2","mode 1",1,"port upper 2",1,"transmission")
(23, 3)
1.8737028624999997e+14 0.0000000000000000e+00 0.0000000000000000e+00
1.8799485387083331e+14 0.0000000000000000e+00 0.0000000000000000e+00
1.8861942149166662e+14 0.0000000000000000e+00 0.0000000000000000e+00
1.8924398911249997e+14 0.0000000000000000e+00 0.0000000000000000e+00
1.8986855673333331e+14 0.0000000000000000e+00 0.0000000000000000e+00
1.9049312435416662e+14 0.0000000000000000e+00 0.0000000000000000e+00
1.9111769197499997e+14 0.0000000000000000e+00 0.0000000000000000e+00
1.9174225959583331e+14 0.0000000000000000e+00 0.0000000000000000e+00
1.9236682721666666e+14 0.0000000000000000e+00 0.0000000000000000e+00
1.9299139483749997e+14 0.0000000000000000e+00 0.0000000000000000e+00
1.9359660086208747e+14 0.0000000000000000e+00 0.0000000000000000e+00
1.9361596245833331e+14 0.0000000000000000e+00 0.0000000000000000e+00
1.9363532405457916e+14 0.0000000000000000e+00 0.0000000000000000e+00
1.9424053007916666e+14 0.0000000000000000e+00 0.0000000000000000e+00
1.9486509769999997e+14 0.0000000000000000e+00 0.0000000000000000e+00
1.9548966532083331e+14 0.0000000000000000e+00 0.0000000000000000e+00
1.9611423294166666e+14 0.0000000000000000e+00 0.0000000000000000e+00
1.9673880056250000e+14 0.0000000000000000e+00 0.0000000000000000e+00
1.9736336818333331e+14 0.0000000000000000e+00 0.0000000000000000e+00
1.9798793580416666e+14 0.0000000000000000e+00 0.0000000000000000e+00
1.9861250342500000e+14 0.0000000000000000e+00 0.0000000000000000e+00
1.9923707104583331e+14 0.0000000000000000e+00 0.0000000000000000e+00
1.9986163866666666e+14 0.0000000000000000e+00 0.0000000000000000e+00
("port upper 2","mode 1",1,"port lower 1",1,"transmission")
(23, 3)
1.8737028624999997e+14 0.0000000000000000e+00 0.0000000000000000e+00
1.8799485387083331e+14 0.0000000000000000e+00 0.0000000000000000e+00
1.8861942149166662e+14 0.0000000000000000e+00 0.0000000000000000e+00
1.8924398911249997e+14 0.0000000000000000e+00 0.0000000000000000e+00
1.8986855673333331e+14 0.0000000000000000e+00 0.0000000000000000e+00
1.9049312435416662e+14 0.0000000000000000e+00 0.0000000000000000e+00
1.9111769197499997e+14 0.0000000000000000e+00 0.0000000000000000e+00
1.9174225959583331e+14 0.0000000000000000e+00 0.0000000000000000e+00
1.9236682721666666e+14 0.0000000000000000e+00 0.0000000000000000e+00
1.9299139483749997e+14 0.0000000000000000e+00 0.0000000000000000e+00
1.9359660086208747e+14 0.0000000000000000e+00 0.0000000000000000e+00
1.9361596245833331e+14 0.0000000000000000e+00 0.0000000000000000e+00
1.9363532405457916e+14 0.0000000000000000e+00 0.0000000000000000e+00
1.9424053007916666e+14 0.0000000000000000e+00 0.0000000000000000e+00
1.9486509769999997e+14 0.0000000000000000e+00 0.0000000000000000e+00
1.9548966532083331e+14 0.0000000000000000e+00 0.0000000000000000e+00
1.9611423294166666e+14 0.0000000000000000e+00 0.0000000000000000e+00
1.9673880056250000e+14 0.0000000000000000e+00 0.0000000000000000e+00
1.9736336818333331e+14 0.0000000000000000e+00 0.0000000000000000e+00
1.9798793580416666e+14 0.0000000000000000e+00 0.0000000000000000e+00
1.9861250342500000e+14 0.0000000000000000e+00 0.0000000000000000e+00
1.9923707104583331e+14 0.0000000000000000e+00 0.0000000000000000e+00
1.9986163866666666e+14 0.0000000000000000e+00 0.0000000000000000e+00
("port upper 2","mode 1",1,"port upper 1",1,"transmission")
(23, 3)
1.8737028624999997e+14 4.3878131270637566e-01 1.7538657097668862e+00
1.8799485387083331e+14 4.6161893394759063e-01 3.6451197753307829e+00
1.8861942149166662e+14 4.8585805581514613e-01 5.5500384286429725e+00
1.8924398911249997e+14 5.1127176639230276e-01 7.4685971734063461e+00
1.8986855673333331e+14 5.3760279233614305e-01 9.4008706064445295e+00
1.9049312435416662e+14 5.6470889455208639e-01 1.1346783440858545e+01
1.9111769197499997e+14 5.9244943834466290e-01 1.3306642488398687e+01
1.9174225959583331e+14 6.2053892315587167e-01 1.5280485746741423e+01
1.9236682721666666e+14 6.4881124755805653e-01 1.7268512912339236e+01
1.9299139483749997e+14 6.7691942638482061e-01 1.9270783151704478e+01
1.9359660086208747e+14 7.0396792962596944e-01 2.1224546839094806e+01
1.9361596245833331e+14 7.0482890379758822e-01 2.1287274798064299e+01
1.9363532405457916e+14 7.0568948196313963e-01 2.1350016632616565e+01
1.9424053007916666e+14 7.3235473701659126e-01 2.3318128827133705e+01
1.9486509769999997e+14 7.5939614182560178e-01 2.5363110342757590e+01
1.9548966532083331e+14 7.8575318440744835e-01 2.7422175737119762e+01
1.9611423294166666e+14 8.1115264173451063e-01 2.9495041156141927e+01
1.9673880056250000e+14 8.3538275188460220e-01 3.1581723432736226e+01
1.9736336818333331e+14 8.5809368853656431e-01 3.3682194272470731e+01
1.9798793580416666e+14 8.7907507477801305e-01 3.5796478211014012e+01
1.9861250342500000e+14 8.9817483007251786e-01 3.7924581316048027e+01
1.9923707104583331e+14 9.1539683190531351e-01 4.0066504166847380e+01
1.9986163866666666e+14 9.3073296202573208e-01 4.2222040407574781e+01
("port lower 1","mode 1",1,"port lower 2",1,"transmission")
(23, 3)
1.8737028624999997e+14 0.0000000000000000e+00 0.0000000000000000e+00
1.8799485387083331e+14 0.0000000000000000e+00 0.0000000000000000e+00
1.8861942149166662e+14 0.0000000000000000e+00 0.0000000000000000e+00
1.8924398911249997e+14 0.0000000000000000e+00 0.0000000000000000e+00
1.8986855673333331e+14 0.0000000000000000e+00 0.0000000000000000e+00
1.9049312435416662e+14 0.0000000000000000e+00 0.0000000000000000e+00
1.9111769197499997e+14 0.0000000000000000e+00 0.0000000000000000e+00
1.9174225959583331e+14 0.0000000000000000e+00 0.0000000000000000e+00
1.9236682721666666e+14 0.0000000000000000e+00 0.0000000000000000e+00
1.9299139483749997e+14 0.0000000000000000e+00 0.0000000000000000e+00
1.9359660086208747e+14 0.0000000000000000e+00 0.0000000000000000e+00
1.9361596245833331e+14 0.0000000000000000e+00 0.0000000000000000e+00
1.9363532405457916e+14 0.0000000000000000e+00 0.0000000000000000e+00
1.9424053007916666e+14 0.0000000000000000e+00 0.0000000000000000e+00
1.9486509769999997e+14 0.0000000000000000e+00 0.0000000000000000e+00
1.9548966532083331e+14 0.0000000000000000e+00 0.0000000000000000e+00
1.9611423294166666e+14 0.0000000000000000e+00 0.0000000000000000e+00
1.9673880056250000e+14 0.0000000000000000e+00 0.0000000000000000e+00
1.9736336818333331e+14 0.0000000000000000e+00 0.0000000000000000e+00
1.9798793580416666e+14 0.0000000000000000e+00 0.0000000000000000e+00
1.9861250342500000e+14 0.0000000000000000e+00 0.0000000000000000e+00
1.9923707104583331e+14 0.0000000000000000e+00 0.0000000000000000e+00
1.9986163866666666e+14 0.0000000000000000e+00 0.0000000000000000e+00
("port lower 1","mode 1",1,"port upper 2",1,"transmission")
(23, 3)
1.8737028624999997e+14 0.0000000000000000e+00 0.0000000000000000e+00
1.8799485387083331e+14 0.0000000000000000e+00 0.0000000000000000e+00
1.8861942149166662e+14 0.0000000000000000e+00 0.0000000000000000e+00
1.8924398911249997e+14 0.0000000000000000e+00 0.0000000000000000e+00
1.8986855673333331e+14 0.0000000000000000e+00 0.0000000000000000e+00
1.9049312435416662e+14 0.0000000000000000e+00 0.0000000000000000e+00
1.9111769197499997e+14 0.0000000000000000e+00 0.0000000000000000e+00
1.9174225959583331e+14 0.0000000000000000e+00 0.0000000000000000e+00
1.9236682721666666e+14 0.0000000000000000e+00 0.0000000000000000e+00
1.9299139483749997e+14 0.0000000000000000e+00 0.0000000000000000e+00
1.9359660086208747e+14 0.0000000000000000e+00 0.0000000000000000e+00
1.9361596245833331e+14 0.0000000000000000e+00 0.0000000000000000e+00
1.9363532405457916e+14 0.0000000000000000e+00 0.0000000000000000e+00
1.9424053007916666e+14 0.0000000000000000e+00 0.0000000000000000e+00
1.9486509769999997e+14 0.0000000000000000e+00 0.0000000000000000e+00
1.9548966532083331e+14 0.0000000000000000e+00 0.0000000000000000e+00
1.9611423294166666e+14 0.0000000000000000e+00 0.0000000000000000e+00
1.9673880056250000e+14 0.0000000000000000e+00 0.0000000000000000e+00
1.9736336818333331e+14 0.0000000000000000e+00 0.0000000000000000e+00
1.9798793580416666e+14 0.0000000000000000e+00 0.0000000000000000e+00
1.9861250342500000e+14 0.0000000000000000e+00 0.0000000000000000e+00
1.9923707104583331e+14 0.0000000000000000e+00 0.0000000000000000e+00
1.9986163866666666e+14 0.0000000000000000e+00 0.0000000000000000e+00
("port lower 1","mode 1",1,"port lower 1",1,"transmission")
(23, 3)
1.8737028624999997e+14 0.0000000000000000e+00 0.0000000000000000e+00
1.8799485387083331e+14 0.0000000000000000e+00 0.0000000000000000e+00
1.8861942149166662e+14 0.0000000000000000e+00 0.0000000000000000e+00
1.8924398911249997e+14 0.0000000000000000e+00 0.0000000000000000e+00
1.8986855673333331e+14 0.0000000000000000e+00 0.0000000000000000e+00
1.9049312435416662e+14 0.0000000000000000e+00 0.0000000000000000e+00
1.9111769197499997e+14 0.0000000000000000e+00 0.0000000000000000e+00
1.9174225959583331e+14 0.0000000000000000e+00 0.0000000000000000e+00
1.9236682721666666e+14 0.0000000000000000e+00 0.0000000000000000e+00
1.9299139483749997e+14 0.0000000000000000e+00 0.0000000000000000e+00
1.9359660086208747e+14 0.0000000000000000e+00 0.0000000000000000e+00
1.9361596245833331e+14 0.0000000000000000e+00 0.0000000000000000e+00
1.9363532405457916e+14 0.0000000000000000e+00 0.0000000000000000e+00
1.9424053007916666e+14 0.0000000000000000e+00 0.0000000000000000e+00
1.9486509769999997e+14 0.0000000000000000e+00 0.0000000000000000e+00
1.9548966532083331e+14 0.0000000000000000e+00 0.0000000000000000e+00
1.9611423294166666e+14 0.0000000000000000e+00 0.0000000000000000e+00
1.9673880056250000e+14 0.0000000000000000e+00 0.0000000000000000e+00
1.9736336818333331e+14 0.0000000000000000e+00 0.0000000000000000e+00
1.9798793580416666e+14 0.0000000000000000e+00 0.0000000000000000e+00
1.9861250342500000e+14 0.0000000000000000e+00 0.0000000000000000e+00
1.9923707104583331e+14 0.0000000000000000e+00 0.0000000000000000e+00
1.9986163866666666e+14 0.0000000000000000e+00 0.0000000000000000e+00
("port lower 1","mode 1",1,"port upper 1",1,"transmission")
(23, 3)
1.8737028624999997e+14 1.2017303500555471e-03 -3.8236205767323844e-01
1.8799485387083331e+14 1.6132650231543135e-03 2.5708763883705124e+00
1.8861942149166662e+14 1.8895584391784238e-03 -5.6946257324343308e-01
1.8924398911249997e+14 3.7266267771123296e-03 2.2716238153948569e+00
1.8986855673333331e+14 4.8586200118843244e-03 4.6112986134594571e+00
1.9049312435416662e+14 3.8310393561765440e-03 7.0711206567445606e+00
1.9111769197499997e+14 3.1477571152671718e-03 1.0038987811184906e+01
1.9174225959583331e+14 3.8009737486150844e-03 1.2708680750751560e+01
1.9236682721666666e+14 3.2868066129603480e-03 1.5028306682130152e+01
1.9299139483749997e+14 1.6822184868869150e-03 1.7239591378532591e+01
1.9359660086208747e+14 1.1134541601705107e-04 1.8510073548048808e+01
1.9361596245833331e+14 8.9972838751108984e-05 1.8211132833802893e+01
1.9363532405457916e+14 8.5451379241711120e-05 1.7804967044942039e+01
1.9424053007916666e+14 7.2103260858394141e-04 1.8340060651466370e+01
1.9486509769999997e+14 4.6489942946888315e-04 1.8977938975660301e+01
1.9548966532083331e+14 1.5422270767433657e-03 1.9855650490592147e+01
1.9611423294166666e+14 1.9318580608101495e-03 2.1657779569248103e+01
1.9673880056250000e+14 9.5403388148289847e-04 2.3544839565917556e+01
1.9736336818333331e+14 3.4966816327478613e-04 2.2988643791835241e+01
1.9798793580416666e+14 9.8069268601628698e-04 2.4969127709552527e+01
1.9861250342500000e+14 7.7225530751611599e-04 2.7039162938344404e+01
1.9923707104583331e+14 4.9158416745873296e-04 2.6595746240126701e+01
1.9986163866666666e+14 1.7427216266397427e-03 2.8293685988014456e+01
("port upper 1","mode 1",1,"port lower 2",1,"transmission")
(23, 3)
1.8737028624999997e+14 0.0000000000000000e+00 0.0000000000000000e+00
1.8799485387083331e+14 0.0000000000000000e+00 0.0000000000000000e+00
1.8861942149166662e+14 0.0000000000000000e+00 0.0000000000000000e+00
1.8924398911249997e+14 0.0000000000000000e+00 0.0000000000000000e+00
1.8986855673333331e+14 0.0000000000000000e+00 0.0000000000000000e+00
1.9049312435416662e+14 0.0000000000000000e+00 0.0000000000000000e+00
1.9111769197499997e+14 0.0000000000000000e+00 0.0000000000000000e+00
1.9174225959583331e+14 0.0000000000000000e+00 0.0000000000000000e+00
1.9236682721666666e+14 0.0000000000000000e+00 0.0000000000000000e+00
1.9299139483749997e+14 0.0000000000000000e+00 0.0000000000000000e+00
1.9359660086208747e+14 0.0000000000000000e+00 0.0000000000000000e+00
1.9361596245833331e+14 0.0000000000000000e+00 0.0000000000000000e+00
1.9363532405457916e+14 0.0000000000000000e+00 0.0000000000000000e+00
1.9424053007916666e+14 0.0000000000000000e+00 0.0000000000000000e+00
1.9486509769999997e+14 0.0000000000000000e+00 0.0000000000000000e+00
1.9548966532083331e+14 0.0000000000000000e+00 0.0000000000000000e+00
1.9611423294166666e+14 0.0000000000000000e+00 0.0000000000000000e+00
1.9673880056250000e+14 0.0000000000000000e+00 0.0000000000000000e+00
1.9736336818333331e+14 0.0000000000000000e+00 0.0000000000000000e+00
1.9798793580416666e+14 0.0000000000000000e+00 0.0000000000000000e+00
1.9861250342500000e+14 0.0000000000000000e+00 0.0000000000000000e+00
1.9923707104583331e+14 0.0000000000000000e+00 0.0000000000000000e+00
1.9986163866666666e+14 0.0000000000000000e+00 0.0000000000000000e+00
("port upper 1","mode 1",1,"port upper 2",1,"transmission")
(23, 3)
1.8737028624999997e+14 0.0000000000000000e+00 0.0000000000000000e+00
1.8799485387083331e+14 0.0000000000000000e+00 0.0000000000000000e+00
1.8861942149166662e+14 0.0000000000000000e+00 0.0000000000000000e+00
1.8924398911249997e+14 0.0000000000000000e+00 0.0000000000000000e+00
1.8986855673333331e+14 0.0000000000000000e+00 0.0000000000000000e+00
1.9049312435416662e+14 0.0000000000000000e+00 0.0000000000000000e+00
1.9111769197499997e+14 0.0000000000000000e+00 0.0000000000000000e+00
1.9174225959583331e+14 0.0000000000000000e+00 0.0000000000000000e+00
1.9236682721666666e+14 0.0000000000000000e+00 0.0000000000000000e+00
1.9299139483749997e+14 0.0000000000000000e+00 0.0000000000000000e+00
1.9359660086208747e+14 0.0000000000000000e+00 0.0000000000000000e+00
1.9361596245833331e+14 0.0000000000000000e+00 0.0000000000000000e+00
1.9363532405457916e+14 0.0000000000000000e+00 0.0000000000000000e+00
1.9424053007916666e+14 0.0000000000000000e+00 0.0000000000000000e+00
1.9486509769999997e+14 0.0000000000000000e+00 0.0000000000000000e+00
1.9548966532083331e+14 0.0000000000000000e+00 0.0000000000000000e+00
1.9611423294166666e+14 0.0000000000000000e+00 0.0000000000000000e+00
1.9673880056250000e+14 0.0000000000000000e+00 0.0000000000000000e+00
1.9736336818333331e+14 0.0000000000000000e+00 0.0000000000000000e+00
1.9798793580416666e+14 0.0000000000000000e+00 0.0000000000000000e+00
1.9861250342500000e+14 0.0000000000000000e+00 0.0000000000000000e+00
1.9923707104583331e+14 0.0000000000000000e+00 0.0000000000000000e+00
1.9986163866666666e+14 0.0000000000000000e+00 0.0000000000000000e+00
("port upper 1","mode 1",1,"port lower 1",1,"transmission")
(23, 3)
1.8737028624999997e+14 0.0000000000000000e+00 0.0000000000000000e+00
1.8799485387083331e+14 0.0000000000000000e+00 0.0000000000000000e+00
1.8861942149166662e+14 0.0000000000000000e+00 0.0000000000000000e+00
1.8924398911249997e+14 0.0000000000000000e+00 0.0000000000000000e+00
1.8986855673333331e+14 0.0000000000000000e+00 0.0000000000000000e+00
1.9049312435416662e+14 0.0000000000000000e+00 0.0000000000000000e+00
1.9111769197499997e+14 0.0000000000000000e+00 0.0000000000000000e+00
1.9174225959583331e+14 0.0000000000000000e+00 0.0000000000000000e+00
1.9236682721666666e+14 0.0000000000000000e+00 0.0000000000000000e+00
1.9299139483749997e+14 0.0000000000000000e+00 0.0000000000000000e+00
1.9359660086208747e+14 0.0000000000000000e+00 0.0000000000000000e+00
1.9361596245833331e+14 0.0000000000000000e+00 0.0000000000000000e+00
1.9363532405457916e+14 0.0000000000000000e+00 0.0000000000000000e+00
1.9424053007916666e+14 0.0000000000000000e+00 0.0000000000000000e+00
1.9486509769999997e+14 0.0000000000000000e+00 0.0000000000000000e+00
1.9548966532083331e+14 0.0000000000000000e+00 0.0000000000000000e+00
1.9611423294166666e+14 0.0000000000000000e+00 0.0000000000000000e+00
1.9673880056250000e+14 0.0000000000000000e+00 0.0000000000000000e+00
1.9736336818333331e+14 0.0000000000000000e+00 0.0000000000000000e+00
1.9798793580416666e+14 0.0000000000000000e+00 0.0000000000000000e+00
1.9861250342500000e+14 0.0000000000000000e+00 0.0000000000000000e+00
1.9923707104583331e+14 0.0000000000000000e+00 0.0000000000000000e+00
1.9986163866666666e+14 0.0000000000000000e+00 0.0000000000000000e+00
("port upper 1","mode 1",1,"port upper 1",1,"transmission")
(23, 3)
1.8737028624999997e+14 1.9517273574250496e-02 -3.0817258558523637e+00
1.8799485387083331e+14 1.4744566061881752e-02 -2.9974001148173315e+00
1.8861942149166662e+14 1.2678105782454655e-02 -3.3120816764402181e+00
1.8924398911249997e+14 1.2352671062397597e-02 -3.5274528543208432e+00
1.8986855673333331e+14 1.9463965807009230e-02 -3.6269733727693656e+00
1.9049312435416662e+14 2.0706323446075953e-02 -3.1126247746418216e+00
1.9111769197499997e+14 1.4578385441459871e-02 -2.9347970149198810e+00
1.9174225959583331e+14 1.2333853136622424e-02 -2.5385817505721207e+00
1.9236682721666666e+14 7.0269695340110670e-04 -1.3561791824777312e+00
1.9299139483749997e+14 7.5203549035333288e-03 -3.8368297378312648e+00
1.9359660086208747e+14 3.8835828233481210e-03 -3.5796900887711107e+00
1.9361596245833331e+14 3.7809838390352171e-03 -3.6159470794738606e+00
1.9363532405457916e+14 3.6960341894965668e-03 -3.6556939979602507e+00
1.9424053007916666e+14 5.6597888304685939e-03 -4.0206207278148351e+00
1.9486509769999997e+14 2.1500812615261027e-03 -4.5051312040692784e+00
1.9548966532083331e+14 8.2299600943058285e-03 -4.8349401286316187e+00
1.9611423294166666e+14 7.0022969098231152e-03 -4.2493792862470272e+00
1.9673880056250000e+14 4.2758756027486359e-03 -5.0242052849802015e+00
1.9736336818333331e+14 7.4702459280195331e-03 -5.1466810007274253e+00
1.9798793580416666e+14 9.4026210976795935e-03 -5.3008518289608073e+00
1.9861250342500000e+14 1.3311822960897267e-02 -5.0514623099243163e+00
1.9923707104583331e+14 9.8471127992128069e-03 -4.9378368656021223e+00
1.9986163866666666e+14 1.3973259115439595e-02 -5.1936611778248079e+00
