wavelength(nm), Y
1601.67, -4.9679
1601.56, -4.9679
1601.45, -4.9679
1601.35, -4.9679
1601.24, -4.9679
1601.13, -4.9679
1601.03, -4.9679
1600.92, -4.9679
1600.81, -4.9679
1600.71, -4.9679
1600.6, -4.9679
1600.49, -4.9679
1600.39, -4.9679
1600.28, -4.9679
1600.17, -4.9679
1600.07, -4.9679
1599.96, -4.96591
1599.85, -4.96062
1599.75, -4.95533
1599.64, -4.95004
1599.53, -4.94476
1599.43, -4.93947
1599.32, -4.9342
1599.21, -4.92892
1599.11, -4.92365
1599, -4.91838
1598.9, -4.91312
1598.79, -4.90785
1598.68, -4.90259
1598.58, -4.89734
1598.47, -4.89209
1598.36, -4.88684
1598.26, -4.88159
1598.15, -4.87635
1598.04, -4.87111
1597.94, -4.86587
1597.83, -4.86064
1597.73, -4.85541
1597.62, -4.85018
1597.51, -4.84495
1597.41, -4.83973
1597.3, -4.83451
1597.19, -4.8293
1597.09, -4.82409
1596.98, -4.81888
1596.88, -4.81367
1596.77, -4.80847
1596.66, -4.80327
1596.56, -4.79808
1596.45, -4.79288
1596.35, -4.78769
1596.24, -4.78251
1596.13, -4.77732
1596.03, -4.77214
1595.92, -4.76696
1595.82, -4.76179
1595.71, -4.75662
1595.6, -4.75145
1595.5, -4.74629
1595.39, -4.74112
1595.29, -4.73596
1595.18, -4.73081
1595.07, -4.72565
1594.97, -4.7205
1594.86, -4.71536
1594.76, -4.71021
1594.65, -4.70513
1594.54, -4.70018
1594.44, -4.69523
1594.33, -4.69028
1594.23, -4.68534
1594.12, -4.6804
1594.02, -4.67546
1593.91, -4.67052
1593.8, -4.66559
1593.7, -4.66066
1593.59, -4.65573
1593.49, -4.65081
1593.38, -4.64589
1593.28, -4.64097
1593.17, -4.63605
1593.06, -4.63114
1592.96, -4.62623
1592.85, -4.62132
1592.75, -4.61641
1592.64, -4.61151
1592.54, -4.60661
1592.43, -4.60171
1592.33, -4.59682
1592.22, -4.59193
1592.11, -4.58704
1592.01, -4.58215
1591.9, -4.57727
1591.8, -4.57239
1591.69, -4.56751
1591.59, -4.56264
1591.48, -4.55777
1591.38, -4.5529
1591.27, -4.54803
1591.16, -4.54316
1591.06, -4.5383
1590.95, -4.53345
1590.85, -4.52859
1590.74, -4.52374
1590.64, -4.51889
1590.53, -4.51404
1590.43, -4.50919
1590.32, -4.50435
1590.22, -4.49951
1590.11, -4.49467
1590.01, -4.48984
1589.9, -4.48501
1589.8, -4.48018
1589.69, -4.47535
1589.59, -4.47053
1589.48, -4.46571
1589.38, -4.46094
1589.27, -4.4563
1589.17, -4.45166
1589.06, -4.44703
1588.96, -4.44239
1588.85, -4.43776
1588.74, -4.43314
1588.64, -4.42851
1588.53, -4.42389
1588.43, -4.41927
1588.32, -4.41465
1588.22, -4.41004
1588.11, -4.40543
1588.01, -4.40082
1587.9, -4.39621
1587.8, -4.3916
1587.69, -4.387
1587.59, -4.3824
1587.49, -4.3778
1587.38, -4.37321
1587.28, -4.36861
1587.17, -4.36402
1587.07, -4.35943
1586.96, -4.35485
1586.86, -4.35027
1586.75, -4.34568
1586.65, -4.34111
1586.54, -4.33653
1586.44, -4.33196
1586.33, -4.32739
1586.23, -4.32282
1586.12, -4.31825
1586.02, -4.31369
1585.91, -4.30912
1585.81, -4.30456
1585.7, -4.30001
1585.6, -4.29545
1585.49, -4.2909
1585.39, -4.28635
1585.29, -4.2818
1585.18, -4.27726
1585.08, -4.27272
1584.97, -4.26818
1584.87, -4.26364
1584.76, -4.2591
1584.66, -4.25457
1584.55, -4.25004
1584.45, -4.24551
1584.34, -4.24098
1584.24, -4.23646
1584.14, -4.23198
1584.03, -4.22762
1583.93, -4.22326
1583.82, -4.21891
1583.72, -4.21455
1583.61, -4.2102
1583.51, -4.20586
1583.4, -4.20151
1583.3, -4.19717
1583.2, -4.19283
1583.09, -4.18849
1582.99, -4.18415
1582.88, -4.17982
1582.78, -4.17548
1582.67, -4.17115
1582.57, -4.16682
1582.47, -4.1625
1582.36, -4.15817
1582.26, -4.15385
1582.15, -4.14953
1582.05, -4.14522
1581.95, -4.1409
1581.84, -4.13659
1581.74, -4.13228
1581.63, -4.12797
1581.53, -4.12366
1581.42, -4.11936
1581.32, -4.11505
1581.22, -4.11075
1581.11, -4.10646
1581.01, -4.10216
1580.9, -4.09787
1580.8, -4.09357
1580.7, -4.08928
1580.59, -4.085
1580.49, -4.08071
1580.38, -4.07643
1580.28, -4.07215
1580.18, -4.06787
1580.07, -4.06359
1579.97, -4.05931
1579.86, -4.05504
1579.76, -4.05077
1579.66, -4.0465
1579.55, -4.04224
1579.45, -4.03797
1579.35, -4.03371
1579.24, -4.02945
1579.14, -4.02519
1579.03, -4.02093
1578.93, -4.01671
1578.83, -4.01262
1578.72, -4.00853
1578.62, -4.00445
1578.52, -4.00037
1578.41, -3.99629
1578.31, -3.99221
1578.2, -3.98813
1578.1, -3.98406
1578, -3.97999
1577.89, -3.97592
1577.79, -3.97185
1577.69, -3.96778
1577.58, -3.96372
1577.48, -3.95965
1577.38, -3.95559
1577.27, -3.95153
1577.17, -3.94748
1577.06, -3.94342
1576.96, -3.93937
1576.86, -3.93532
1576.75, -3.93127
1576.65, -3.92722
1576.55, -3.92317
1576.44, -3.91913
1576.34, -3.91509
1576.24, -3.91105
1576.13, -3.90701
1576.03, -3.90297
1575.93, -3.89894
1575.82, -3.8949
1575.72, -3.89087
1575.62, -3.88684
1575.51, -3.88282
1575.41, -3.87879
1575.31, -3.87477
1575.2, -3.87075
1575.1, -3.86673
1575, -3.86271
1574.89, -3.85869
1574.79, -3.85468
1574.69, -3.85067
1574.58, -3.84666
1574.48, -3.84265
1574.38, -3.83864
1574.27, -3.83464
1574.17, -3.83063
1574.07, -3.82663
1573.96, -3.82263
1573.86, -3.81863
1573.76, -3.81466
1573.66, -3.81082
1573.55, -3.80699
1573.45, -3.80317
1573.35, -3.79934
1573.24, -3.79551
1573.14, -3.79169
1573.04, -3.78787
1572.93, -3.78405
1572.83, -3.78023
1572.73, -3.77641
1572.63, -3.77259
1572.52, -3.76878
1572.42, -3.76497
1572.32, -3.76116
1572.21, -3.75735
1572.11, -3.75354
1572.01, -3.74974
1571.91, -3.74593
1571.8, -3.74213
1571.7, -3.73833
1571.6, -3.73453
1571.49, -3.73073
1571.39, -3.72694
1571.29, -3.72315
1571.19, -3.71935
1571.08, -3.71556
1570.98, -3.71177
1570.88, -3.70799
1570.77, -3.7042
1570.67, -3.70042
1570.57, -3.69664
1570.47, -3.69285
1570.36, -3.68908
1570.26, -3.6853
1570.16, -3.68152
1570.06, -3.67775
1569.95, -3.67398
1569.85, -3.67021
1569.75, -3.66644
1569.65, -3.66267
1569.54, -3.6589
1569.44, -3.65514
1569.34, -3.65138
1569.24, -3.64762
1569.13, -3.64386
1569.03, -3.6401
1568.93, -3.63634
1568.83, -3.63259
1568.72, -3.62884
1568.62, -3.62509
1568.52, -3.62151
1568.42, -3.61792
1568.31, -3.61433
1568.21, -3.61075
1568.11, -3.60716
1568.01, -3.60358
1567.9, -3.6
1567.8, -3.59642
1567.7, -3.59285
1567.6, -3.58927
1567.5, -3.5857
1567.39, -3.58213
1567.29, -3.57855
1567.19, -3.57499
1567.09, -3.57142
1566.98, -3.56785
1566.88, -3.56428
1566.78, -3.56072
1566.68, -3.55716
1566.58, -3.5536
1566.47, -3.55004
1566.37, -3.54648
1566.27, -3.54292
1566.17, -3.53937
1566.06, -3.53582
1565.96, -3.53226
1565.86, -3.52871
1565.76, -3.52516
1565.66, -3.52162
1565.55, -3.51807
1565.45, -3.51452
1565.35, -3.51098
1565.25, -3.50744
1565.15, -3.5039
1565.04, -3.50036
1564.94, -3.49682
1564.84, -3.49329
1564.74, -3.48975
1564.64, -3.48622
1564.54, -3.48269
1564.43, -3.47916
1564.33, -3.47563
1564.23, -3.4721
1564.13, -3.46857
1564.03, -3.46505
1563.92, -3.46152
1563.82, -3.458
1563.72, -3.45448
1563.62, -3.45096
1563.52, -3.44745
1563.42, -3.44407
1563.31, -3.44069
1563.21, -3.43732
1563.11, -3.43394
1563.01, -3.43057
1562.91, -3.4272
1562.8, -3.42382
1562.7, -3.42045
1562.6, -3.41709
1562.5, -3.41372
1562.4, -3.41035
1562.3, -3.40699
1562.2, -3.40363
1562.09, -3.40027
1561.99, -3.39691
1561.89, -3.39355
1561.79, -3.39019
1561.69, -3.38683
1561.59, -3.38348
1561.48, -3.38012
1561.38, -3.37677
1561.28, -3.37342
1561.18, -3.37007
1561.08, -3.36672
1560.98, -3.36337
1560.88, -3.36003
1560.77, -3.35668
1560.67, -3.35334
1560.57, -3.35
1560.47, -3.34666
1560.37, -3.34332
1560.27, -3.33998
1560.17, -3.33664
1560.06, -3.33331
1559.96, -3.32997
1559.86, -3.32664
1559.76, -3.32331
1559.66, -3.31997
1559.56, -3.31665
1559.46, -3.31332
1559.36, -3.30999
1559.25, -3.30666
1559.15, -3.30334
1559.05, -3.30002
1558.95, -3.2967
1558.85, -3.29338
1558.75, -3.29006
1558.65, -3.28674
1558.55, -3.28342
1558.45, -3.28011
1558.34, -3.27691
1558.24, -3.27371
1558.14, -3.27052
1558.04, -3.26732
1557.94, -3.26413
1557.84, -3.26094
1557.74, -3.25775
1557.64, -3.25457
1557.54, -3.25138
1557.44, -3.24819
1557.33, -3.24501
1557.23, -3.24183
1557.13, -3.23864
1557.03, -3.23546
1556.93, -3.23228
1556.83, -3.22911
1556.73, -3.22593
1556.63, -3.22275
1556.53, -3.21958
1556.43, -3.2164
1556.33, -3.21323
1556.22, -3.21006
1556.12, -3.20689
1556.02, -3.20372
1555.92, -3.20055
1555.82, -3.19738
1555.72, -3.19422
1555.62, -3.19105
1555.52, -3.18789
1555.42, -3.18473
1555.32, -3.18157
1555.22, -3.17841
1555.12, -3.17525
1555.02, -3.17209
1554.92, -3.16893
1554.81, -3.16578
1554.71, -3.16262
1554.61, -3.15947
1554.51, -3.15632
1554.41, -3.15317
1554.31, -3.15002
1554.21, -3.14687
1554.11, -3.14372
1554.01, -3.14058
1553.91, -3.13743
1553.81, -3.13429
1553.71, -3.13115
1553.61, -3.128
1553.51, -3.12486
1553.41, -3.12172
1553.31, -3.11867
1553.21, -3.11563
1553.11, -3.11259
1553.01, -3.10955
1552.91, -3.10651
1552.81, -3.10347
1552.7, -3.10044
1552.6, -3.0974
1552.5, -3.09437
1552.4, -3.09134
1552.3, -3.0883
1552.2, -3.08527
1552.1, -3.08224
1552, -3.07921
1551.9, -3.07619
1551.8, -3.07316
1551.7, -3.07013
1551.6, -3.06711
1551.5, -3.06408
1551.4, -3.06106
1551.3, -3.05804
1551.2, -3.05502
1551.1, -3.052
1551, -3.04898
1550.9, -3.04597
1550.8, -3.04295
1550.7, -3.03993
1550.6, -3.03692
1550.5, -3.03391
1550.4, -3.03089
1550.3, -3.02788
1550.2, -3.02487
1550.1, -3.02186
1550, -3.01886
1549.9, -3.01585
1549.8, -3.01284
1549.7, -3.00984
1549.6, -3.00683
1549.5, -3.00383
1549.4, -3.00083
1549.3, -2.99783
1549.2, -2.99483
1549.1, -2.99183
1549, -2.98883
1548.9, -2.98584
1548.8, -2.98284
1548.7, -2.97985
1548.6, -2.97685
1548.5, -2.97388
1548.4, -2.97094
1548.3, -2.968
1548.2, -2.96508
1548.1, -2.9622
1548, -2.95932
1547.9, -2.95644
1547.8, -2.95357
1547.7, -2.95069
1547.6, -2.94782
1547.5, -2.94494
1547.4, -2.94207
1547.3, -2.9392
1547.21, -2.93633
1547.11, -2.93346
1547.01, -2.93059
1546.91, -2.92772
1546.81, -2.92486
1546.71, -2.92199
1546.61, -2.91912
1546.51, -2.91626
1546.41, -2.9134
1546.31, -2.91053
1546.21, -2.90767
1546.11, -2.90481
1546.01, -2.90195
1545.91, -2.8991
1545.81, -2.89624
1545.71, -2.89338
1545.61, -2.89053
1545.51, -2.88767
1545.41, -2.88482
1545.31, -2.88196
1545.21, -2.87911
1545.12, -2.87626
1545.02, -2.87341
1544.92, -2.87056
1544.82, -2.86771
1544.72, -2.86487
1544.62, -2.86202
1544.52, -2.85917
1544.42, -2.85633
1544.32, -2.85349
1544.22, -2.85064
1544.12, -2.8478
1544.02, -2.84496
1543.92, -2.84212
1543.82, -2.83928
1543.73, -2.83645
1543.63, -2.83361
1543.53, -2.83077
1543.43, -2.82794
1543.33, -2.82521
1543.23, -2.8225
1543.13, -2.8198
1543.03, -2.81709
1542.93, -2.81439
1542.83, -2.81169
1542.73, -2.80899
1542.64, -2.80628
1542.54, -2.80359
1542.44, -2.80089
1542.34, -2.79819
1542.24, -2.79549
1542.14, -2.7928
1542.04, -2.7901
1541.94, -2.78741
1541.84, -2.78471
1541.74, -2.78202
1541.65, -2.77933
1541.55, -2.77664
1541.45, -2.77394
1541.35, -2.77126
1541.25, -2.76857
1541.15, -2.76588
1541.05, -2.76319
1540.95, -2.76051
1540.85, -2.75782
1540.76, -2.75514
1540.66, -2.75245
1540.56, -2.74977
1540.46, -2.74709
1540.36, -2.74441
1540.26, -2.74173
1540.16, -2.73905
1540.06, -2.73637
1539.97, -2.73369
1539.87, -2.73101
1539.77, -2.72834
1539.67, -2.72566
1539.57, -2.72299
1539.47, -2.72031
1539.37, -2.71764
1539.27, -2.71497
1539.18, -2.71229
1539.08, -2.70962
1538.98, -2.70695
1538.88, -2.70429
1538.78, -2.70162
1538.68, -2.69895
1538.58, -2.69628
1538.49, -2.69362
1538.39, -2.69104
1538.29, -2.68849
1538.19, -2.68594
1538.09, -2.6834
1537.99, -2.68085
1537.9, -2.6783
1537.8, -2.67576
1537.7, -2.67321
1537.6, -2.67067
1537.5, -2.66813
1537.4, -2.66559
1537.3, -2.66304
1537.21, -2.6605
1537.11, -2.65796
1537.01, -2.65543
1536.91, -2.65289
1536.81, -2.65035
1536.71, -2.64781
1536.62, -2.64528
1536.52, -2.64274
1536.42, -2.64021
1536.32, -2.63767
1536.22, -2.63514
1536.13, -2.63261
1536.03, -2.63008
1535.93, -2.62754
1535.83, -2.62501
1535.73, -2.62249
1535.63, -2.61996
1535.54, -2.61743
1535.44, -2.6149
1535.34, -2.61237
1535.24, -2.60985
1535.14, -2.60732
1535.05, -2.6048
1534.95, -2.60228
1534.85, -2.59975
1534.75, -2.59723
1534.65, -2.59471
1534.56, -2.59219
1534.46, -2.58967
1534.36, -2.58715
1534.26, -2.58463
1534.16, -2.58211
1534.07, -2.5796
1533.97, -2.57708
1533.87, -2.57457
1533.77, -2.57205
1533.67, -2.56954
1533.58, -2.56702
1533.48, -2.56459
1533.38, -2.56218
1533.28, -2.55978
1533.18, -2.55738
1533.09, -2.55498
1532.99, -2.55258
1532.89, -2.55018
1532.79, -2.54778
1532.7, -2.54538
1532.6, -2.54298
1532.5, -2.54058
1532.4, -2.53819
1532.3, -2.53579
1532.21, -2.53339
1532.11, -2.531
1532.01, -2.52861
1531.91, -2.52621
1531.82, -2.52382
1531.72, -2.52143
1531.62, -2.51904
1531.52, -2.51665
1531.43, -2.51426
1531.33, -2.51187
1531.23, -2.50948
1531.13, -2.50709
1531.03, -2.5047
1530.94, -2.50231
1530.84, -2.49993
1530.74, -2.49754
1530.64, -2.49516
1530.55, -2.49277
1530.45, -2.49039
1530.35, -2.48801
1530.25, -2.48563
1530.16, -2.48324
1530.06, -2.48086
1529.96, -2.47848
1529.87, -2.4761
1529.77, -2.47372
1529.67, -2.47135
1529.57, -2.46897
1529.48, -2.46659
1529.38, -2.46421
1529.28, -2.46184
1529.18, -2.45946
1529.09, -2.45709
1528.99, -2.45472
1528.89, -2.45234
1528.79, -2.44997
1528.7, -2.4476
1528.6, -2.4453
1528.5, -2.44304
1528.41, -2.44077
1528.31, -2.43851
1528.21, -2.43625
1528.11, -2.43399
1528.02, -2.43173
1527.92, -2.42948
1527.82, -2.42722
1527.72, -2.42496
1527.63, -2.4227
1527.53, -2.42045
1527.43, -2.41819
1527.34, -2.41594
1527.24, -2.41368
1527.14, -2.41143
1527.05, -2.40918
1526.95, -2.40692
1526.85, -2.40467
1526.75, -2.40242
1526.66, -2.40017
1526.56, -2.39792
1526.46, -2.39567
1526.37, -2.39342
1526.27, -2.39117
1526.17, -2.38892
1526.08, -2.38668
1525.98, -2.38443
1525.88, -2.38218
1525.78, -2.37994
1525.69, -2.37769
1525.59, -2.37545
1525.49, -2.3732
1525.4, -2.37096
1525.3, -2.36872
1525.2, -2.36648
1525.11, -2.36423
1525.01, -2.36199
1524.91, -2.35975
1524.82, -2.35751
1524.72, -2.35527
1524.62, -2.35304
1524.53, -2.3508
1524.43, -2.34856
1524.33, -2.34632
1524.24, -2.34409
1524.14, -2.34185
1524.04, -2.33962
1523.95, -2.33738
1523.85, -2.33515
1523.75, -2.33298
1523.66, -2.33084
1523.56, -2.32872
1523.46, -2.32659
1523.37, -2.32446
1523.27, -2.32233
1523.17, -2.3202
1523.08, -2.31808
1522.98, -2.31595
1522.88, -2.31382
1522.79, -2.3117
1522.69, -2.30957
1522.59, -2.30745
1522.5, -2.30532
1522.4, -2.3032
1522.3, -2.30108
1522.21, -2.29896
1522.11, -2.29683
1522.01, -2.29471
1521.92, -2.29259
1521.82, -2.29047
1521.73, -2.28835
1521.63, -2.28623
1521.53, -2.28411
1521.44, -2.282
1521.34, -2.27988
1521.24, -2.27776
1521.15, -2.27564
1521.05, -2.27353
1520.95, -2.27141
1520.86, -2.2693
1520.76, -2.26718
1520.67, -2.26507
1520.57, -2.26296
1520.47, -2.26084
1520.38, -2.25873
1520.28, -2.25662
1520.18, -2.25451
1520.09, -2.2524
1519.99, -2.25028
1519.9, -2.24817
1519.8, -2.24607
1519.7, -2.24396
1519.61, -2.24185
1519.51, -2.23974
1519.42, -2.23763
1519.32, -2.23553
1519.22, -2.23342
1519.13, -2.23131
1519.03, -2.22921
1518.94, -2.22715
1518.84, -2.22512
1518.74, -2.2231
1518.65, -2.22108
1518.55, -2.21906
1518.46, -2.21703
1518.36, -2.21501
1518.26, -2.21299
1518.17, -2.21097
1518.07, -2.20895
1517.98, -2.20693
1517.88, -2.20491
1517.78, -2.20289
1517.69, -2.20088
1517.59, -2.19886
1517.5, -2.19684
1517.4, -2.19483
1517.3, -2.19281
1517.21, -2.19079
1517.11, -2.18878
1517.02, -2.18676
1516.92, -2.18475
1516.83, -2.18274
1516.73, -2.18072
1516.63, -2.17871
1516.54, -2.1767
1516.44, -2.17469
1516.35, -2.17267
1516.25, -2.17066
1516.16, -2.16865
1516.06, -2.16664
1515.96, -2.16463
1515.87, -2.16262
1515.77, -2.16062
1515.68, -2.15861
1515.58, -2.1566
1515.49, -2.15459
1515.39, -2.15259
1515.29, -2.15058
1515.2, -2.14857
1515.1, -2.14657
1515.01, -2.14456
1514.91, -2.14256
1514.82, -2.14056
1514.72, -2.13855
1514.63, -2.13655
1514.53, -2.13455
1514.44, -2.13254
1514.34, -2.13054
1514.24, -2.12854
1514.15, -2.12658
1514.05, -2.12465
1513.96, -2.12273
1513.86, -2.12081
1513.77, -2.11889
1513.67, -2.11697
1513.58, -2.11505
1513.48, -2.11313
1513.39, -2.1112
1513.29, -2.10929
1513.2, -2.10737
1513.1, -2.10545
1513, -2.10353
1512.91, -2.10161
1512.81, -2.09969
1512.72, -2.09778
1512.62, -2.09586
1512.53, -2.09394
1512.43, -2.09203
1512.34, -2.09011
1512.24, -2.0882
1512.15, -2.08628
1512.05, -2.08437
1511.96, -2.08245
1511.86, -2.08054
1511.77, -2.07863
1511.67, -2.07671
1511.58, -2.0748
1511.48, -2.07289
1511.39, -2.07098
1511.29, -2.06907
1511.2, -2.06716
1511.1, -2.06525
1511.01, -2.06334
1510.91, -2.06143
1510.82, -2.05952
1510.72, -2.05761
1510.63, -2.0557
1510.53, -2.0538
1510.44, -2.05189
1510.34, -2.04998
1510.25, -2.04808
1510.15, -2.04617
1510.06, -2.04427
1509.96, -2.04236
1509.87, -2.04046
1509.77, -2.03855
1509.68, -2.03665
1509.58, -2.03474
1509.49, -2.03284
1509.39, -2.03098
1509.3, -2.02916
1509.2, -2.02734
1509.11, -2.02552
1509.01, -2.0237
1508.92, -2.02188
1508.82, -2.02006
1508.73, -2.01825
1508.63, -2.01643
1508.54, -2.01461
1508.44, -2.0128
1508.35, -2.01098
1508.26, -2.00917
1508.16, -2.00735
1508.07, -2.00554
1507.97, -2.00372
1507.88, -2.00191
1507.78, -2.00009
1507.69, -1.99828
1507.59, -1.99647
1507.5, -1.99466
1507.4, -1.99284
1507.31, -1.99103
1507.21, -1.98922
1507.12, -1.98741
1507.03, -1.9856
1506.93, -1.98379
1506.84, -1.98198
1506.74, -1.98017
1506.65, -1.97836
1506.55, -1.97655
1506.46, -1.97474
1506.36, -1.97294
1506.27, -1.97113
1506.18, -1.96932
1506.08, -1.96751
1505.99, -1.96571
1505.89, -1.9639
1505.8, -1.9621
1505.7, -1.96029
1505.61, -1.95849
1505.51, -1.95668
1505.42, -1.95488
1505.33, -1.95307
1505.23, -1.95127
1505.14, -1.94947
1505.04, -1.94767
1504.95, -1.94586
1504.85, -1.94406
1504.76, -1.94226
1504.67, -1.94049
1504.57, -1.93875
1504.48, -1.93702
1504.38, -1.93529
1504.29, -1.93356
1504.19, -1.93183
1504.1, -1.9301
1504.01, -1.92837
1503.91, -1.92665
1503.82, -1.92492
1503.72, -1.92319
1503.63, -1.92146
1503.54, -1.91973
1503.44, -1.91801
1503.35, -1.91628
1503.25, -1.91455
1503.16, -1.91283
1503.07, -1.9111
1502.97, -1.90938
1502.88, -1.90765
1502.78, -1.90593
1502.69, -1.9042
1502.6, -1.90248
1502.5, -1.90076
1502.41, -1.89903
1502.31, -1.89731
1502.22, -1.89559
1502.13, -1.89387
1502.03, -1.89214
1501.94, -1.89042
1501.84, -1.8887
1501.75, -1.88698
1501.66, -1.88526
1601.67, -58.9894
1601.56, -58.9894
1601.45, -58.9894
1601.35, -58.9894
1601.24, -58.9894
1601.13, -58.9894
1601.03, -58.9894
1600.92, -58.9894
1600.81, -58.9894
1600.71, -58.9894
1600.6, -58.9894
1600.49, -58.9894
1600.39, -58.9894
1600.28, -58.9894
1600.17, -58.9894
1600.07, -58.9894
1599.96, -58.9423
1599.85, -58.8179
1599.75, -58.6953
1599.64, -58.5744
1599.53, -58.4551
1599.43, -58.3375
1599.32, -58.2214
1599.21, -58.1069
1599.11, -57.9938
1599, -57.8822
1598.9, -57.772
1598.79, -57.6632
1598.68, -57.5558
1598.58, -57.4496
1598.47, -57.3448
1598.36, -57.2412
1598.26, -57.1388
1598.15, -57.0376
1598.04, -56.9375
1597.94, -56.8386
1597.83, -56.7409
1597.73, -56.6442
1597.62, -56.5485
1597.51, -56.454
1597.41, -56.3604
1597.3, -56.2678
1597.19, -56.1762
1597.09, -56.0856
1596.98, -55.9959
1596.88, -55.9071
1596.77, -55.8192
1596.66, -55.7322
1596.56, -55.6461
1596.45, -55.5608
1596.35, -55.4763
1596.24, -55.3927
1596.13, -55.3098
1596.03, -55.2277
1595.92, -55.1464
1595.82, -55.0659
1595.71, -54.9861
1595.6, -54.907
1595.5, -54.8286
1595.39, -54.7509
1595.29, -54.674
1595.18, -54.5977
1595.07, -54.522
1594.97, -54.447
1594.86, -54.3727
1594.76, -54.299
1594.65, -54.2081
1594.54, -54.0814
1594.44, -53.9565
1594.33, -53.8334
1594.23, -53.712
1594.12, -53.5922
1594.02, -53.4741
1593.91, -53.3576
1593.8, -53.2426
1593.7, -53.1292
1593.59, -53.0172
1593.49, -52.9066
1593.38, -52.7974
1593.28, -52.6896
1593.17, -52.583
1593.06, -52.4778
1592.96, -52.3739
1592.85, -52.2711
1592.75, -52.1696
1592.64, -52.0692
1592.54, -51.97
1592.43, -51.8719
1592.33, -51.7749
1592.22, -51.679
1592.11, -51.5841
1592.01, -51.4903
1591.9, -51.3974
1591.8, -51.3055
1591.69, -51.2146
1591.59, -51.1247
1591.48, -51.0356
1591.38, -50.9475
1591.27, -50.8602
1591.16, -50.7739
1591.06, -50.6883
1590.95, -50.6036
1590.85, -50.5197
1590.74, -50.4367
1590.64, -50.3544
1590.53, -50.2728
1590.43, -50.1921
1590.32, -50.1121
1590.22, -50.0328
1590.11, -49.9542
1590.01, -49.8763
1589.9, -49.7992
1589.8, -49.7227
1589.69, -49.6468
1589.59, -49.5717
1589.48, -49.4971
1589.38, -49.443
1589.27, -49.4423
1589.17, -49.4416
1589.06, -49.4409
1588.96, -49.4402
1588.85, -49.4395
1588.74, -49.4388
1588.64, -49.4381
1588.53, -49.4374
1588.43, -49.4367
1588.32, -49.436
1588.22, -49.4353
1588.11, -49.4346
1588.01, -49.4339
1587.9, -49.4332
1587.8, -49.4325
1587.69, -49.4318
1587.59, -49.4311
1587.49, -49.4304
1587.38, -49.4297
1587.28, -49.429
1587.17, -49.4283
1587.07, -49.4276
1586.96, -49.4269
1586.86, -49.4262
1586.75, -49.4255
1586.65, -49.4249
1586.54, -49.4242
1586.44, -49.4235
1586.33, -49.4228
1586.23, -49.4221
1586.12, -49.4214
1586.02, -49.4207
1585.91, -49.42
1585.81, -49.4193
1585.7, -49.4186
1585.6, -49.4179
1585.49, -49.4172
1585.39, -49.4165
1585.29, -49.4158
1585.18, -49.4151
1585.08, -49.4144
1584.97, -49.4137
1584.87, -49.413
1584.76, -49.4123
1584.66, -49.4116
1584.55, -49.4109
1584.45, -49.4102
1584.34, -49.4095
1584.24, -49.4088
1584.14, -49.4211
1584.03, -49.4798
1583.93, -49.539
1583.82, -49.5985
1583.72, -49.6585
1583.61, -49.7189
1583.51, -49.7797
1583.4, -49.841
1583.3, -49.9026
1583.2, -49.9647
1583.09, -50.0273
1582.99, -50.0903
1582.88, -50.1538
1582.78, -50.2177
1582.67, -50.2822
1582.57, -50.3471
1582.47, -50.4124
1582.36, -50.4783
1582.26, -50.5447
1582.15, -50.6116
1582.05, -50.679
1581.95, -50.747
1581.84, -50.8154
1581.74, -50.8845
1581.63, -50.9541
1581.53, -51.0242
1581.42, -51.0949
1581.32, -51.1662
1581.22, -51.2381
1581.11, -51.3106
1581.01, -51.3836
1580.9, -51.4574
1580.8, -51.5317
1580.7, -51.6067
1580.59, -51.6823
1580.49, -51.7586
1580.38, -51.8356
1580.28, -51.9133
1580.18, -51.9916
1580.07, -52.0707
1579.97, -52.1505
1579.86, -52.2311
1579.76, -52.3124
1579.66, -52.3944
1579.55, -52.4773
1579.45, -52.5609
1579.35, -52.6454
1579.24, -52.7307
1579.14, -52.8168
1579.03, -52.9038
1578.93, -52.9815
1578.83, -53.0083
1578.72, -53.0352
1578.62, -53.0623
1578.52, -53.0894
1578.41, -53.1166
1578.31, -53.1438
1578.2, -53.1712
1578.1, -53.1986
1578, -53.2262
1577.89, -53.2538
1577.79, -53.2815
1577.69, -53.3093
1577.58, -53.3372
1577.48, -53.3651
1577.38, -53.3932
1577.27, -53.4214
1577.17, -53.4496
1577.06, -53.478
1576.96, -53.5064
1576.86, -53.5349
1576.75, -53.5635
1576.65, -53.5923
1576.55, -53.6211
1576.44, -53.65
1576.34, -53.679
1576.24, -53.7081
1576.13, -53.7373
1576.03, -53.7666
1575.93, -53.796
1575.82, -53.8255
1575.72, -53.8551
1575.62, -53.8848
1575.51, -53.9146
1575.41, -53.9445
1575.31, -53.9745
1575.2, -54.0046
1575.1, -54.0348
1575, -54.0651
1574.89, -54.0955
1574.79, -54.1261
1574.69, -54.1567
1574.58, -54.1875
1574.48, -54.2183
1574.38, -54.2493
1574.27, -54.2804
1574.17, -54.3116
1574.07, -54.3429
1573.96, -54.3743
1573.86, -54.4058
1573.76, -54.4112
1573.66, -54.2165
1573.55, -54.0261
1573.45, -53.8398
1573.35, -53.6574
1573.24, -53.4787
1573.14, -53.3036
1573.04, -53.132
1572.93, -52.9637
1572.83, -52.7986
1572.73, -52.6366
1572.63, -52.4776
1572.52, -52.3214
1572.42, -52.168
1572.32, -52.0172
1572.21, -51.869
1572.11, -51.7233
1572.01, -51.58
1571.91, -51.4391
1571.8, -51.3003
1571.7, -51.1638
1571.6, -51.0294
1571.49, -50.897
1571.39, -50.7666
1571.29, -50.6381
1571.19, -50.5115
1571.08, -50.3868
1570.98, -50.2638
1570.88, -50.1425
1570.77, -50.0229
1570.67, -49.9049
1570.57, -49.7885
1570.47, -49.6736
1570.36, -49.5602
1570.26, -49.4483
1570.16, -49.3378
1570.06, -49.2287
1569.95, -49.121
1569.85, -49.0145
1569.75, -48.9094
1569.65, -48.8055
1569.54, -48.7029
1569.44, -48.6014
1569.34, -48.5011
1569.24, -48.402
1569.13, -48.304
1569.03, -48.2071
1568.93, -48.1112
1568.83, -48.0164
1568.72, -47.9226
1568.62, -47.8293
1568.52, -47.7286
1568.42, -47.6291
1568.31, -47.5307
1568.21, -47.4335
1568.11, -47.3373
1568.01, -47.2421
1567.9, -47.148
1567.8, -47.0549
1567.7, -46.9628
1567.6, -46.8717
1567.5, -46.7815
1567.39, -46.6922
1567.29, -46.6038
1567.19, -46.5163
1567.09, -46.4297
1566.98, -46.344
1566.88, -46.2591
1566.78, -46.175
1566.68, -46.0917
1566.58, -46.0092
1566.47, -45.9275
1566.37, -45.8465
1566.27, -45.7663
1566.17, -45.6869
1566.06, -45.6081
1565.96, -45.5301
1565.86, -45.4527
1565.76, -45.3761
1565.66, -45.3001
1565.55, -45.2247
1565.45, -45.15
1565.35, -45.076
1565.25, -45.0026
1565.15, -44.9297
1565.04, -44.8575
1564.94, -44.7859
1564.84, -44.7149
1564.74, -44.6445
1564.64, -44.5746
1564.54, -44.5053
1564.43, -44.4365
1564.33, -44.3682
1564.23, -44.3005
1564.13, -44.2334
1564.03, -44.1667
1563.92, -44.1005
1563.82, -44.0349
1563.72, -43.9697
1563.62, -43.9051
1563.52, -43.8409
1563.42, -43.7808
1563.31, -43.7211
1563.21, -43.6618
1563.11, -43.603
1563.01, -43.5445
1562.91, -43.4864
1562.8, -43.4287
1562.7, -43.3714
1562.6, -43.3144
1562.5, -43.2579
1562.4, -43.2016
1562.3, -43.1458
1562.2, -43.0903
1562.09, -43.0352
1561.99, -42.9804
1561.89, -42.9259
1561.79, -42.8718
1561.69, -42.8181
1561.59, -42.7646
1561.48, -42.7115
1561.38, -42.6587
1561.28, -42.6062
1561.18, -42.5541
1561.08, -42.5022
1560.98, -42.4507
1560.88, -42.3995
1560.77, -42.3485
1560.67, -42.2979
1560.57, -42.2476
1560.47, -42.1975
1560.37, -42.1477
1560.27, -42.0982
1560.17, -42.049
1560.06, -42.0001
1559.96, -41.9515
1559.86, -41.9031
1559.76, -41.855
1559.66, -41.8071
1559.56, -41.7595
1559.46, -41.7122
1559.36, -41.6651
1559.25, -41.6183
1559.15, -41.5718
1559.05, -41.5254
1558.95, -41.4794
1558.85, -41.4335
1558.75, -41.388
1558.65, -41.3426
1558.55, -41.2975
1558.45, -41.2526
1558.34, -41.2266
1558.24, -41.2016
1558.14, -41.1765
1558.04, -41.1516
1557.94, -41.1267
1557.84, -41.1019
1557.74, -41.0772
1557.64, -41.0526
1557.54, -41.028
1557.44, -41.0034
1557.33, -40.979
1557.23, -40.9546
1557.13, -40.9303
1557.03, -40.9061
1556.93, -40.8819
1556.83, -40.8578
1556.73, -40.8337
1556.63, -40.8097
1556.53, -40.7858
1556.43, -40.762
1556.33, -40.7382
1556.22, -40.7145
1556.12, -40.6908
1556.02, -40.6673
1555.92, -40.6437
1555.82, -40.6203
1555.72, -40.5969
1555.62, -40.5735
1555.52, -40.5503
1555.42, -40.5271
1555.32, -40.5039
1555.22, -40.4808
1555.12, -40.4578
1555.02, -40.4349
1554.92, -40.4119
1554.81, -40.3891
1554.71, -40.3663
1554.61, -40.3436
1554.51, -40.3209
1554.41, -40.2983
1554.31, -40.2758
1554.21, -40.2533
1554.11, -40.2309
1554.01, -40.2085
1553.91, -40.1862
1553.81, -40.1639
1553.71, -40.1417
1553.61, -40.1196
1553.51, -40.0975
1553.41, -40.0755
1553.31, -40.0922
1553.21, -40.113
1553.11, -40.1338
1553.01, -40.1547
1552.91, -40.1756
1552.81, -40.1966
1552.7, -40.2176
1552.6, -40.2387
1552.5, -40.2598
1552.4, -40.281
1552.3, -40.3022
1552.2, -40.3235
1552.1, -40.3448
1552, -40.3662
1551.9, -40.3876
1551.8, -40.4091
1551.7, -40.4307
1551.6, -40.4523
1551.5, -40.4739
1551.4, -40.4957
1551.3, -40.5174
1551.2, -40.5392
1551.1, -40.5611
1551, -40.583
1550.9, -40.605
1550.8, -40.6271
1550.7, -40.6492
1550.6, -40.6713
1550.5, -40.6935
1550.4, -40.7158
1550.3, -40.7381
1550.2, -40.7605
1550.1, -40.7829
1550, -40.8054
1549.9, -40.828
1549.8, -40.8506
1549.7, -40.8733
1549.6, -40.896
1549.5, -40.9188
1549.4, -40.9416
1549.3, -40.9645
1549.2, -40.9875
1549.1, -41.0105
1549, -41.0336
1548.9, -41.0568
1548.8, -41.08
1548.7, -41.1033
1548.6, -41.1266
1548.5, -41.1549
1548.4, -41.1903
1548.3, -41.226
1548.2, -41.2603
1548.1, -41.2912
1548, -41.3223
1547.9, -41.3535
1547.8, -41.3848
1547.7, -41.4162
1547.6, -41.4477
1547.5, -41.4793
1547.4, -41.5111
1547.3, -41.5429
1547.21, -41.5749
1547.11, -41.607
1547.01, -41.6392
1546.91, -41.6716
1546.81, -41.704
1546.71, -41.7366
1546.61, -41.7693
1546.51, -41.8021
1546.41, -41.8351
1546.31, -41.8681
1546.21, -41.9013
1546.11, -41.9347
1546.01, -41.9681
1545.91, -42.0017
1545.81, -42.0354
1545.71, -42.0693
1545.61, -42.1032
1545.51, -42.1374
1545.41, -42.1716
1545.31, -42.206
1545.21, -42.2405
1545.12, -42.2752
1545.02, -42.31
1544.92, -42.3449
1544.82, -42.38
1544.72, -42.4152
1544.62, -42.4506
1544.52, -42.4861
1544.42, -42.5217
1544.32, -42.5575
1544.22, -42.5935
1544.12, -42.6296
1544.02, -42.6658
1543.92, -42.7022
1543.82, -42.7388
1543.73, -42.7755
1543.63, -42.8124
1543.53, -42.8494
1543.43, -42.8866
1543.33, -42.9111
1543.23, -42.9325
1543.13, -42.9539
1543.03, -42.9755
1542.93, -42.997
1542.83, -43.0186
1542.73, -43.0403
1542.64, -43.0621
1542.54, -43.0838
1542.44, -43.1057
1542.34, -43.1276
1542.24, -43.1495
1542.14, -43.1715
1542.04, -43.1936
1541.94, -43.2157
1541.84, -43.2379
1541.74, -43.2601
1541.65, -43.2824
1541.55, -43.3047
1541.45, -43.3271
1541.35, -43.3496
1541.25, -43.3721
1541.15, -43.3947
1541.05, -43.4173
1540.95, -43.44
1540.85, -43.4628
1540.76, -43.4856
1540.66, -43.5085
1540.56, -43.5314
1540.46, -43.5544
1540.36, -43.5775
1540.26, -43.6006
1540.16, -43.6238
1540.06, -43.647
1539.97, -43.6703
1539.87, -43.6937
1539.77, -43.7171
1539.67, -43.7406
1539.57, -43.7642
1539.47, -43.7878
1539.37, -43.8115
1539.27, -43.8352
1539.18, -43.859
1539.08, -43.8829
1538.98, -43.9069
1538.88, -43.9309
1538.78, -43.955
1538.68, -43.9791
1538.58, -44.0033
1538.49, -44.0276
1538.39, -44.0425
1538.29, -44.0542
1538.19, -44.0659
1538.09, -44.0777
1537.99, -44.0894
1537.9, -44.1012
1537.8, -44.113
1537.7, -44.1249
1537.6, -44.1367
1537.5, -44.1485
1537.4, -44.1604
1537.3, -44.1723
1537.21, -44.1842
1537.11, -44.1961
1537.01, -44.208
1536.91, -44.22
1536.81, -44.232
1536.71, -44.2439
1536.62, -44.2559
1536.52, -44.2679
1536.42, -44.28
1536.32, -44.292
1536.22, -44.3041
1536.13, -44.3162
1536.03, -44.3283
1535.93, -44.3404
1535.83, -44.3525
1535.73, -44.3647
1535.63, -44.3768
1535.54, -44.389
1535.44, -44.4012
1535.34, -44.4134
1535.24, -44.4257
1535.14, -44.4379
1535.05, -44.4502
1534.95, -44.4625
1534.85, -44.4748
1534.75, -44.4871
1534.65, -44.4994
1534.56, -44.5118
1534.46, -44.5242
1534.36, -44.5366
1534.26, -44.549
1534.16, -44.5614
1534.07, -44.5738
1533.97, -44.5863
1533.87, -44.5988
1533.77, -44.6113
1533.67, -44.6238
1533.58, -44.6363
1533.48, -44.6406
1533.38, -44.6412
1533.28, -44.6418
1533.18, -44.6424
1533.09, -44.643
1532.99, -44.6436
1532.89, -44.6442
1532.79, -44.6448
1532.7, -44.6454
1532.6, -44.646
1532.5, -44.6466
1532.4, -44.6472
1532.3, -44.6479
1532.21, -44.6485
1532.11, -44.6491
1532.01, -44.6497
1531.91, -44.6503
1531.82, -44.6509
1531.72, -44.6515
1531.62, -44.6521
1531.52, -44.6527
1531.43, -44.6533
1531.33, -44.6539
1531.23, -44.6545
1531.13, -44.6552
1531.03, -44.6558
1530.94, -44.6564
1530.84, -44.657
1530.74, -44.6576
1530.64, -44.6582
1530.55, -44.6588
1530.45, -44.6594
1530.35, -44.66
1530.25, -44.6606
1530.16, -44.6612
1530.06, -44.6619
1529.96, -44.6625
1529.87, -44.6631
1529.77, -44.6637
1529.67, -44.6643
1529.57, -44.6649
1529.48, -44.6655
1529.38, -44.6661
1529.28, -44.6667
1529.18, -44.6673
1529.09, -44.6679
1528.99, -44.6686
1528.89, -44.6692
1528.79, -44.6698
1528.7, -44.6704
1528.6, -44.666
1528.5, -44.6589
1528.41, -44.6518
1528.31, -44.6447
1528.21, -44.6376
1528.11, -44.6306
1528.02, -44.6235
1527.92, -44.6164
1527.82, -44.6094
1527.72, -44.6023
1527.63, -44.5953
1527.53, -44.5882
1527.43, -44.5812
1527.34, -44.5741
1527.24, -44.5671
1527.14, -44.5601
1527.05, -44.5531
1526.95, -44.5461
1526.85, -44.5391
1526.75, -44.5321
1526.66, -44.5251
1526.56, -44.5181
1526.46, -44.5111
1526.37, -44.5041
1526.27, -44.4972
1526.17, -44.4902
1526.08, -44.4832
1525.98, -44.4763
1525.88, -44.4693
1525.78, -44.4624
1525.69, -44.4555
1525.59, -44.4485
1525.49, -44.4416
1525.4, -44.4347
1525.3, -44.4278
1525.2, -44.4209
1525.11, -44.414
1525.01, -44.4071
1524.91, -44.4002
1524.82, -44.3933
1524.72, -44.3864
1524.62, -44.3795
1524.53, -44.3727
1524.43, -44.3658
1524.33, -44.3589
1524.24, -44.3521
1524.14, -44.3452
1524.04, -44.3384
1523.95, -44.3315
1523.85, -44.3247
1523.75, -44.335
1523.66, -44.3571
1523.56, -44.3793
1523.46, -44.4015
1523.37, -44.4237
1523.27, -44.446
1523.17, -44.4684
1523.08, -44.4908
1522.98, -44.5133
1522.88, -44.5359
1522.79, -44.5585
1522.69, -44.5811
1522.59, -44.6039
1522.5, -44.6266
1522.4, -44.6495
1522.3, -44.6724
1522.21, -44.6954
1522.11, -44.7184
1522.01, -44.7415
1521.92, -44.7646
1521.82, -44.7878
1521.73, -44.8111
1521.63, -44.8344
1521.53, -44.8578
1521.44, -44.8813
1521.34, -44.9048
1521.24, -44.9284
1521.15, -44.952
1521.05, -44.9758
1520.95, -44.9995
1520.86, -45.0234
1520.76, -45.0473
1520.67, -45.0713
1520.57, -45.0953
1520.47, -45.1194
1520.38, -45.1436
1520.28, -45.1678
1520.18, -45.1922
1520.09, -45.2165
1519.99, -45.241
1519.9, -45.2655
1519.8, -45.2901
1519.7, -45.3148
1519.61, -45.3395
1519.51, -45.3643
1519.42, -45.3892
1519.32, -45.4141
1519.22, -45.4391
1519.13, -45.4642
1519.03, -45.4894
1518.94, -45.5057
1518.84, -45.5146
1518.74, -45.5235
1518.65, -45.5324
1518.55, -45.5413
1518.46, -45.5503
1518.36, -45.5592
1518.26, -45.5681
1518.17, -45.5771
1518.07, -45.5861
1517.98, -45.595
1517.88, -45.604
1517.78, -45.613
1517.69, -45.622
1517.59, -45.631
1517.5, -45.64
1517.4, -45.6491
1517.3, -45.6581
1517.21, -45.6671
1517.11, -45.6762
1517.02, -45.6853
1516.92, -45.6943
1516.83, -45.7034
1516.73, -45.7125
1516.63, -45.7216
1516.54, -45.7307
1516.44, -45.7398
1516.35, -45.749
1516.25, -45.7581
1516.16, -45.7673
1516.06, -45.7764
1515.96, -45.7856
1515.87, -45.7948
1515.77, -45.804
1515.68, -45.8132
1515.58, -45.8224
1515.49, -45.8316
1515.39, -45.8408
1515.29, -45.8501
1515.2, -45.8593
1515.1, -45.8686
1515.01, -45.8779
1514.91, -45.8871
1514.82, -45.8964
1514.72, -45.9057
1514.63, -45.915
1514.53, -45.9243
1514.44, -45.9337
1514.34, -45.943
1514.24, -45.9524
1514.15, -45.9785
1514.05, -46.0222
1513.96, -46.0662
1513.86, -46.1104
1513.77, -46.1548
1513.67, -46.1995
1513.58, -46.2444
1513.48, -46.2895
1513.39, -46.3349
1513.29, -46.3805
1513.2, -46.4263
1513.1, -46.4724
1513, -46.5187
1512.91, -46.5653
1512.81, -46.6121
1512.72, -46.6592
1512.62, -46.7065
1512.53, -46.7541
1512.43, -46.802
1512.34, -46.8501
1512.24, -46.8985
1512.15, -46.9471
1512.05, -46.9961
1511.96, -47.0453
1511.86, -47.0948
1511.77, -47.1445
1511.67, -47.1946
1511.58, -47.245
1511.48, -47.2956
1511.39, -47.3465
1511.29, -47.3978
1511.2, -47.4493
1511.1, -47.5012
1511.01, -47.5534
1510.91, -47.6058
1510.82, -47.6586
1510.72, -47.7118
1510.63, -47.7652
1510.53, -47.819
1510.44, -47.8731
1510.34, -47.9276
1510.25, -47.9824
1510.15, -48.0375
1510.06, -48.093
1509.96, -48.1489
1509.87, -48.2051
1509.77, -48.2617
1509.68, -48.3186
1509.58, -48.376
1509.49, -48.4337
1509.39, -48.5058
1509.3, -48.5966
1509.2, -48.6885
1509.11, -48.7813
1509.01, -48.8751
1508.92, -48.9699
1508.82, -49.0658
1508.73, -49.1627
1508.63, -49.2608
1508.54, -49.3599
1508.44, -49.4602
1508.35, -49.5617
1508.26, -49.6644
1508.16, -49.7683
1508.07, -49.8735
1507.97, -49.9799
1507.88, -50.0877
1507.78, -50.1968
1507.69, -50.3073
1507.59, -50.4193
1507.5, -50.5327
1507.4, -50.6476
1507.31, -50.764
1507.21, -50.882
1507.12, -51.0017
1507.03, -51.123
1506.93, -51.2461
1506.84, -51.3709
1506.74, -51.4975
1506.65, -51.626
1506.55, -51.7564
1506.46, -51.8888
1506.36, -52.0233
1506.27, -52.1599
1506.18, -52.2987
1506.08, -52.4397
1505.99, -52.583
1505.89, -52.7288
1505.8, -52.877
1505.7, -53.0278
1505.61, -53.1813
1505.51, -53.3376
1505.42, -53.4967
1505.33, -53.6587
1505.23, -53.8239
1505.14, -53.9922
1505.04, -54.1639
1504.95, -54.3391
1504.85, -54.5178
1504.76, -54.7003
1504.67, -54.7706
1504.57, -54.6579
1504.48, -54.5467
1504.38, -54.4369
1504.29, -54.3285
1504.19, -54.2214
1504.1, -54.1156
1504.01, -54.0111
1503.91, -53.9078
1503.82, -53.8057
1503.72, -53.7049
1503.63, -53.6051
1503.54, -53.5066
1503.44, -53.4091
1503.35, -53.3127
1503.25, -53.2173
1503.16, -53.123
1503.07, -53.0297
1502.97, -52.9374
1502.88, -52.8461
1502.78, -52.7557
1502.69, -52.6663
1502.6, -52.5777
1502.5, -52.4901
1502.41, -52.4033
1502.31, -52.3174
1502.22, -52.2323
1502.13, -52.1481
1502.03, -52.0647
1501.94, -51.982
1501.84, -51.9002
1501.75, -51.8191
1501.66, -51.7387
1601.67, -1.71099
1601.56, -1.71099
1601.45, -1.71099
1601.35, -1.71099
1601.24, -1.71099
1601.13, -1.71099
1601.03, -1.71099
1600.92, -1.71099
1600.81, -1.71099
1600.71, -1.71099
1600.6, -1.71099
1600.49, -1.71099
1600.39, -1.71099
1600.28, -1.71099
1600.17, -1.71099
1600.07, -1.71099
1599.96, -1.71192
1599.85, -1.71441
1599.75, -1.71689
1599.64, -1.71938
1599.53, -1.72187
1599.43, -1.72435
1599.32, -1.72684
1599.21, -1.72933
1599.11, -1.73182
1599, -1.73431
1598.9, -1.73681
1598.79, -1.7393
1598.68, -1.74179
1598.58, -1.74428
1598.47, -1.74678
1598.36, -1.74927
1598.26, -1.75177
1598.15, -1.75427
1598.04, -1.75676
1597.94, -1.75926
1597.83, -1.76176
1597.73, -1.76426
1597.62, -1.76676
1597.51, -1.76926
1597.41, -1.77176
1597.3, -1.77427
1597.19, -1.77677
1597.09, -1.77927
1596.98, -1.78178
1596.88, -1.78428
1596.77, -1.78679
1596.66, -1.7893
1596.56, -1.7918
1596.45, -1.79431
1596.35, -1.79682
1596.24, -1.79933
1596.13, -1.80184
1596.03, -1.80435
1595.92, -1.80686
1595.82, -1.80938
1595.71, -1.81189
1595.6, -1.8144
1595.5, -1.81692
1595.39, -1.81943
1595.29, -1.82195
1595.18, -1.82447
1595.07, -1.82698
1594.97, -1.8295
1594.86, -1.83202
1594.76, -1.83454
1594.65, -1.83707
1594.54, -1.83962
1594.44, -1.84218
1594.33, -1.84473
1594.23, -1.84729
1594.12, -1.84984
1594.02, -1.8524
1593.91, -1.85495
1593.8, -1.85751
1593.7, -1.86007
1593.59, -1.86263
1593.49, -1.86519
1593.38, -1.86775
1593.28, -1.87031
1593.17, -1.87287
1593.06, -1.87543
1592.96, -1.878
1592.85, -1.88056
1592.75, -1.88313
1592.64, -1.88569
1592.54, -1.88826
1592.43, -1.89082
1592.33, -1.89339
1592.22, -1.89596
1592.11, -1.89853
1592.01, -1.9011
1591.9, -1.90367
1591.8, -1.90624
1591.69, -1.90882
1591.59, -1.91139
1591.48, -1.91396
1591.38, -1.91654
1591.27, -1.91911
1591.16, -1.92169
1591.06, -1.92427
1590.95, -1.92685
1590.85, -1.92942
1590.74, -1.932
1590.64, -1.93458
1590.53, -1.93716
1590.43, -1.93975
1590.32, -1.94233
1590.22, -1.94491
1590.11, -1.9475
1590.01, -1.95008
1589.9, -1.95267
1589.8, -1.95525
1589.69, -1.95784
1589.59, -1.96043
1589.48, -1.96302
1589.38, -1.96561
1589.27, -1.96822
1589.17, -1.97084
1589.06, -1.97345
1588.96, -1.97606
1588.85, -1.97868
1588.74, -1.9813
1588.64, -1.98391
1588.53, -1.98653
1588.43, -1.98915
1588.32, -1.99177
1588.22, -1.99439
1588.11, -1.99701
1588.01, -1.99963
1587.9, -2.00225
1587.8, -2.00488
1587.69, -2.0075
1587.59, -2.01013
1587.49, -2.01275
1587.38, -2.01538
1587.28, -2.01801
1587.17, -2.02063
1587.07, -2.02326
1586.96, -2.02589
1586.86, -2.02852
1586.75, -2.03115
1586.65, -2.03379
1586.54, -2.03642
1586.44, -2.03905
1586.33, -2.04169
1586.23, -2.04432
1586.12, -2.04696
1586.02, -2.0496
1585.91, -2.05223
1585.81, -2.05487
1585.7, -2.05751
1585.6, -2.06015
1585.49, -2.06279
1585.39, -2.06543
1585.29, -2.06808
1585.18, -2.07072
1585.08, -2.07336
1584.97, -2.07601
1584.87, -2.07865
1584.76, -2.0813
1584.66, -2.08395
1584.55, -2.0866
1584.45, -2.08925
1584.34, -2.0919
1584.24, -2.09455
1584.14, -2.0972
1584.03, -2.09987
1583.93, -2.10255
1583.82, -2.10522
1583.72, -2.1079
1583.61, -2.11057
1583.51, -2.11325
1583.4, -2.11593
1583.3, -2.11861
1583.2, -2.12129
1583.09, -2.12397
1582.99, -2.12665
1582.88, -2.12933
1582.78, -2.13201
1582.67, -2.1347
1582.57, -2.13738
1582.47, -2.14007
1582.36, -2.14275
1582.26, -2.14544
1582.15, -2.14813
1582.05, -2.15081
1581.95, -2.1535
1581.84, -2.15619
1581.74, -2.15889
1581.63, -2.16158
1581.53, -2.16427
1581.42, -2.16696
1581.32, -2.16966
1581.22, -2.17235
1581.11, -2.17505
1581.01, -2.17775
1580.9, -2.18044
1580.8, -2.18314
1580.7, -2.18584
1580.59, -2.18854
1580.49, -2.19124
1580.38, -2.19394
1580.28, -2.19665
1580.18, -2.19935
1580.07, -2.20206
1579.97, -2.20476
1579.86, -2.20747
1579.76, -2.21017
1579.66, -2.21288
1579.55, -2.21559
1579.45, -2.2183
1579.35, -2.22101
1579.24, -2.22372
1579.14, -2.22643
1579.03, -2.22915
1578.93, -2.23186
1578.83, -2.23458
1578.72, -2.2373
1578.62, -2.24003
1578.52, -2.24275
1578.41, -2.24548
1578.31, -2.2482
1578.2, -2.25093
1578.1, -2.25365
1578, -2.25638
1577.89, -2.25911
1577.79, -2.26184
1577.69, -2.26457
1577.58, -2.2673
1577.48, -2.27003
1577.38, -2.27277
1577.27, -2.2755
1577.17, -2.27824
1577.06, -2.28097
1576.96, -2.28371
1576.86, -2.28645
1576.75, -2.28919
1576.65, -2.29192
1576.55, -2.29466
1576.44, -2.29741
1576.34, -2.30015
1576.24, -2.30289
1576.13, -2.30563
1576.03, -2.30838
1575.93, -2.31112
1575.82, -2.31387
1575.72, -2.31662
1575.62, -2.31936
1575.51, -2.32211
1575.41, -2.32486
1575.31, -2.32761
1575.2, -2.33036
1575.1, -2.33312
1575, -2.33587
1574.89, -2.33862
1574.79, -2.34138
1574.69, -2.34413
1574.58, -2.34689
1574.48, -2.34965
1574.38, -2.35241
1574.27, -2.35517
1574.17, -2.35793
1574.07, -2.36069
1573.96, -2.36345
1573.86, -2.36621
1573.76, -2.36897
1573.66, -2.37174
1573.55, -2.3745
1573.45, -2.37726
1573.35, -2.38003
1573.24, -2.38279
1573.14, -2.38556
1573.04, -2.38833
1572.93, -2.3911
1572.83, -2.39387
1572.73, -2.39664
1572.63, -2.39941
1572.52, -2.40218
1572.42, -2.40495
1572.32, -2.40772
1572.21, -2.4105
1572.11, -2.41327
1572.01, -2.41605
1571.91, -2.41883
1571.8, -2.42161
1571.7, -2.42439
1571.6, -2.42717
1571.49, -2.42995
1571.39, -2.43273
1571.29, -2.43551
1571.19, -2.43829
1571.08, -2.44108
1570.98, -2.44386
1570.88, -2.44665
1570.77, -2.44944
1570.67, -2.45222
1570.57, -2.45501
1570.47, -2.4578
1570.36, -2.46059
1570.26, -2.46338
1570.16, -2.46618
1570.06, -2.46897
1569.95, -2.47176
1569.85, -2.47456
1569.75, -2.47736
1569.65, -2.48015
1569.54, -2.48295
1569.44, -2.48575
1569.34, -2.48855
1569.24, -2.49135
1569.13, -2.49415
1569.03, -2.49695
1568.93, -2.49976
1568.83, -2.50256
1568.72, -2.50537
1568.62, -2.50817
1568.52, -2.511
1568.42, -2.51383
1568.31, -2.51666
1568.21, -2.5195
1568.11, -2.52233
1568.01, -2.52517
1567.9, -2.528
1567.8, -2.53084
1567.7, -2.53367
1567.6, -2.53651
1567.5, -2.53935
1567.39, -2.54219
1567.29, -2.54503
1567.19, -2.54788
1567.09, -2.55072
1566.98, -2.55356
1566.88, -2.55641
1566.78, -2.55925
1566.68, -2.5621
1566.58, -2.56495
1566.47, -2.5678
1566.37, -2.57064
1566.27, -2.57349
1566.17, -2.57635
1566.06, -2.5792
1565.96, -2.58205
1565.86, -2.58491
1565.76, -2.58776
1565.66, -2.59062
1565.55, -2.59347
1565.45, -2.59633
1565.35, -2.59919
1565.25, -2.60205
1565.15, -2.60491
1565.04, -2.60777
1564.94, -2.61063
1564.84, -2.6135
1564.74, -2.61636
1564.64, -2.61923
1564.54, -2.62209
1564.43, -2.62496
1564.33, -2.62783
1564.23, -2.6307
1564.13, -2.63357
1564.03, -2.63644
1563.92, -2.63931
1563.82, -2.64219
1563.72, -2.64506
1563.62, -2.64793
1563.52, -2.65081
1563.42, -2.65368
1563.31, -2.65655
1563.21, -2.65943
1563.11, -2.6623
1563.01, -2.66518
1562.91, -2.66805
1562.8, -2.67093
1562.7, -2.67381
1562.6, -2.67668
1562.5, -2.67956
1562.4, -2.68244
1562.3, -2.68533
1562.2, -2.68821
1562.09, -2.69109
1561.99, -2.69398
1561.89, -2.69686
1561.79, -2.69975
1561.69, -2.70264
1561.59, -2.70552
1561.48, -2.70841
1561.38, -2.7113
1561.28, -2.7142
1561.18, -2.71709
1561.08, -2.71998
1560.98, -2.72288
1560.88, -2.72577
1560.77, -2.72867
1560.67, -2.73156
1560.57, -2.73446
1560.47, -2.73736
1560.37, -2.74026
1560.27, -2.74316
1560.17, -2.74606
1560.06, -2.74897
1559.96, -2.75187
1559.86, -2.75477
1559.76, -2.75768
1559.66, -2.76059
1559.56, -2.76349
1559.46, -2.7664
1559.36, -2.76931
1559.25, -2.77222
1559.15, -2.77513
1559.05, -2.77805
1558.95, -2.78096
1558.85, -2.78388
1558.75, -2.78679
1558.65, -2.78971
1558.55, -2.79262
1558.45, -2.79554
1558.34, -2.79844
1558.24, -2.80134
1558.14, -2.80424
1558.04, -2.80715
1557.94, -2.81005
1557.84, -2.81295
1557.74, -2.81586
1557.64, -2.81876
1557.54, -2.82167
1557.44, -2.82458
1557.33, -2.82749
1557.23, -2.8304
1557.13, -2.83331
1557.03, -2.83622
1556.93, -2.83913
1556.83, -2.84204
1556.73, -2.84496
1556.63, -2.84787
1556.53, -2.85079
1556.43, -2.85371
1556.33, -2.85663
1556.22, -2.85955
1556.12, -2.86247
1556.02, -2.86539
1555.92, -2.86831
1555.82, -2.87123
1555.72, -2.87416
1555.62, -2.87708
1555.52, -2.88001
1555.42, -2.88294
1555.32, -2.88587
1555.22, -2.88879
1555.12, -2.89172
1555.02, -2.89466
1554.92, -2.89759
1554.81, -2.90052
1554.71, -2.90346
1554.61, -2.90639
1554.51, -2.90933
1554.41, -2.91226
1554.31, -2.9152
1554.21, -2.91814
1554.11, -2.92108
1554.01, -2.92402
1553.91, -2.92697
1553.81, -2.92991
1553.71, -2.93285
1553.61, -2.9358
1553.51, -2.93874
1553.41, -2.94169
1553.31, -2.94462
1553.21, -2.94756
1553.11, -2.95049
1553.01, -2.95343
1552.91, -2.95636
1552.81, -2.9593
1552.7, -2.96224
1552.6, -2.96517
1552.5, -2.96811
1552.4, -2.97105
1552.3, -2.974
1552.2, -2.97694
1552.1, -2.97988
1552, -2.98283
1551.9, -2.98577
1551.8, -2.98872
1551.7, -2.99167
1551.6, -2.99462
1551.5, -2.99756
1551.4, -3.00052
1551.3, -3.00347
1551.2, -3.00642
1551.1, -3.00937
1551, -3.01233
1550.9, -3.01528
1550.8, -3.01824
1550.7, -3.0212
1550.6, -3.02416
1550.5, -3.02712
1550.4, -3.03008
1550.3, -3.03304
1550.2, -3.036
1550.1, -3.03896
1550, -3.04193
1549.9, -3.04489
1549.8, -3.04786
1549.7, -3.05083
1549.6, -3.0538
1549.5, -3.05677
1549.4, -3.05974
1549.3, -3.06271
1549.2, -3.06568
1549.1, -3.06866
1549, -3.07163
1548.9, -3.07461
1548.8, -3.07758
1548.7, -3.08056
1548.6, -3.08354
1548.5, -3.08652
1548.4, -3.08948
1548.3, -3.09245
1548.2, -3.09541
1548.1, -3.09836
1548, -3.10132
1547.9, -3.10427
1547.8, -3.10722
1547.7, -3.11017
1547.6, -3.11313
1547.5, -3.11609
1547.4, -3.11904
1547.3, -3.122
1547.21, -3.12496
1547.11, -3.12792
1547.01, -3.13088
1546.91, -3.13384
1546.81, -3.13681
1546.71, -3.13977
1546.61, -3.14274
1546.51, -3.1457
1546.41, -3.14867
1546.31, -3.15164
1546.21, -3.15461
1546.11, -3.15758
1546.01, -3.16055
1545.91, -3.16352
1545.81, -3.16649
1545.71, -3.16947
1545.61, -3.17244
1545.51, -3.17542
1545.41, -3.1784
1545.31, -3.18138
1545.21, -3.18436
1545.12, -3.18734
1545.02, -3.19032
1544.92, -3.1933
1544.82, -3.19628
1544.72, -3.19927
1544.62, -3.20225
1544.52, -3.20524
1544.42, -3.20823
1544.32, -3.21122
1544.22, -3.21421
1544.12, -3.2172
1544.02, -3.22019
1543.92, -3.22318
1543.82, -3.22618
1543.73, -3.22917
1543.63, -3.23217
1543.53, -3.23516
1543.43, -3.23816
1543.33, -3.24114
1543.23, -3.24413
1543.13, -3.24711
1543.03, -3.25009
1542.93, -3.25307
1542.83, -3.25606
1542.73, -3.25904
1542.64, -3.26203
1542.54, -3.26502
1542.44, -3.268
1542.34, -3.27099
1542.24, -3.27398
1542.14, -3.27698
1542.04, -3.27997
1541.94, -3.28296
1541.84, -3.28596
1541.74, -3.28895
1541.65, -3.29195
1541.55, -3.29495
1541.45, -3.29794
1541.35, -3.30094
1541.25, -3.30395
1541.15, -3.30695
1541.05, -3.30995
1540.95, -3.31295
1540.85, -3.31596
1540.76, -3.31896
1540.66, -3.32197
1540.56, -3.32498
1540.46, -3.32799
1540.36, -3.331
1540.26, -3.33401
1540.16, -3.33702
1540.06, -3.34004
1539.97, -3.34305
1539.87, -3.34607
1539.77, -3.34908
1539.67, -3.3521
1539.57, -3.35512
1539.47, -3.35814
1539.37, -3.36116
1539.27, -3.36418
1539.18, -3.3672
1539.08, -3.37023
1538.98, -3.37325
1538.88, -3.37628
1538.78, -3.3793
1538.68, -3.38233
1538.58, -3.38536
1538.49, -3.38839
1538.39, -3.39142
1538.29, -3.39444
1538.19, -3.39747
1538.09, -3.40049
1537.99, -3.40352
1537.9, -3.40655
1537.8, -3.40958
1537.7, -3.41261
1537.6, -3.41564
1537.5, -3.41867
1537.4, -3.42171
1537.3, -3.42474
1537.21, -3.42778
1537.11, -3.43082
1537.01, -3.43386
1536.91, -3.43689
1536.81, -3.43993
1536.71, -3.44298
1536.62, -3.44602
1536.52, -3.44906
1536.42, -3.45211
1536.32, -3.45515
1536.22, -3.4582
1536.13, -3.46125
1536.03, -3.4643
1535.93, -3.46735
1535.83, -3.4704
1535.73, -3.47345
1535.63, -3.4765
1535.54, -3.47956
1535.44, -3.48261
1535.34, -3.48567
1535.24, -3.48873
1535.14, -3.49178
1535.05, -3.49484
1534.95, -3.4979
1534.85, -3.50097
1534.75, -3.50403
1534.65, -3.50709
1534.56, -3.51016
1534.46, -3.51322
1534.36, -3.51629
1534.26, -3.51936
1534.16, -3.52243
1534.07, -3.5255
1533.97, -3.52857
1533.87, -3.53164
1533.77, -3.53472
1533.67, -3.53779
1533.58, -3.54087
1533.48, -3.54393
1533.38, -3.54698
1533.28, -3.55004
1533.18, -3.55309
1533.09, -3.55615
1532.99, -3.55921
1532.89, -3.56227
1532.79, -3.56533
1532.7, -3.56839
1532.6, -3.57145
1532.5, -3.57452
1532.4, -3.57758
1532.3, -3.58065
1532.21, -3.58371
1532.11, -3.58678
1532.01, -3.58985
1531.91, -3.59292
1531.82, -3.59599
1531.72, -3.59907
1531.62, -3.60214
1531.52, -3.60521
1531.43, -3.60829
1531.33, -3.61137
1531.23, -3.61444
1531.13, -3.61752
1531.03, -3.6206
1530.94, -3.62368
1530.84, -3.62677
1530.74, -3.62985
1530.64, -3.63293
1530.55, -3.63602
1530.45, -3.63911
1530.35, -3.64219
1530.25, -3.64528
1530.16, -3.64837
1530.06, -3.65146
1529.96, -3.65456
1529.87, -3.65765
1529.77, -3.66074
1529.67, -3.66384
1529.57, -3.66694
1529.48, -3.67003
1529.38, -3.67313
1529.28, -3.67623
1529.18, -3.67933
1529.09, -3.68243
1528.99, -3.68554
1528.89, -3.68864
1528.79, -3.69175
1528.7, -3.69485
1528.6, -3.69794
1528.5, -3.70102
1528.41, -3.70409
1528.31, -3.70717
1528.21, -3.71025
1528.11, -3.71333
1528.02, -3.71642
1527.92, -3.7195
1527.82, -3.72258
1527.72, -3.72567
1527.63, -3.72876
1527.53, -3.73184
1527.43, -3.73493
1527.34, -3.73802
1527.24, -3.74111
1527.14, -3.7442
1527.05, -3.7473
1526.95, -3.75039
1526.85, -3.75349
1526.75, -3.75658
1526.66, -3.75968
1526.56, -3.76278
1526.46, -3.76588
1526.37, -3.76898
1526.27, -3.77208
1526.17, -3.77518
1526.08, -3.77829
1525.98, -3.78139
1525.88, -3.7845
1525.78, -3.78761
1525.69, -3.79071
1525.59, -3.79382
1525.49, -3.79693
1525.4, -3.80005
1525.3, -3.80316
1525.2, -3.80627
1525.11, -3.80939
1525.01, -3.8125
1524.91, -3.81562
1524.82, -3.81874
1524.72, -3.82186
1524.62, -3.82498
1524.53, -3.8281
1524.43, -3.83122
1524.33, -3.83435
1524.24, -3.83747
1524.14, -3.8406
1524.04, -3.84373
1523.95, -3.84686
1523.85, -3.84999
1523.75, -3.8531
1523.66, -3.85622
1523.56, -3.85933
1523.46, -3.86244
1523.37, -3.86556
1523.27, -3.86867
1523.17, -3.87179
1523.08, -3.87491
1522.98, -3.87803
1522.88, -3.88115
1522.79, -3.88427
1522.69, -3.88739
1522.59, -3.89052
1522.5, -3.89364
1522.4, -3.89677
1522.3, -3.8999
1522.21, -3.90302
1522.11, -3.90615
1522.01, -3.90928
1521.92, -3.91242
1521.82, -3.91555
1521.73, -3.91868
1521.63, -3.92182
1521.53, -3.92495
1521.44, -3.92809
1521.34, -3.93123
1521.24, -3.93437
1521.15, -3.93751
1521.05, -3.94065
1520.95, -3.94379
1520.86, -3.94694
1520.76, -3.95008
1520.67, -3.95323
1520.57, -3.95638
1520.47, -3.95953
1520.38, -3.96268
1520.28, -3.96583
1520.18, -3.96898
1520.09, -3.97213
1519.99, -3.97529
1519.9, -3.97844
1519.8, -3.9816
1519.7, -3.98476
1519.61, -3.98792
1519.51, -3.99108
1519.42, -3.99424
1519.32, -3.9974
1519.22, -4.00056
1519.13, -4.00373
1519.03, -4.0069
1518.94, -4.01004
1518.84, -4.01316
1518.74, -4.01628
1518.65, -4.01941
1518.55, -4.02253
1518.46, -4.02566
1518.36, -4.02878
1518.26, -4.03191
1518.17, -4.03504
1518.07, -4.03817
1517.98, -4.0413
1517.88, -4.04444
1517.78, -4.04757
1517.69, -4.05071
1517.59, -4.05384
1517.5, -4.05698
1517.4, -4.06012
1517.3, -4.06326
1517.21, -4.0664
1517.11, -4.06954
1517.02, -4.07268
1516.92, -4.07583
1516.83, -4.07897
1516.73, -4.08212
1516.63, -4.08527
1516.54, -4.08842
1516.44, -4.09157
1516.35, -4.09472
1516.25, -4.09787
1516.16, -4.10102
1516.06, -4.10418
1515.96, -4.10733
1515.87, -4.11049
1515.77, -4.11365
1515.68, -4.11681
1515.58, -4.11997
1515.49, -4.12313
1515.39, -4.12629
1515.29, -4.12946
1515.2, -4.13262
1515.1, -4.13579
1515.01, -4.13895
1514.91, -4.14212
1514.82, -4.14529
1514.72, -4.14846
1514.63, -4.15163
1514.53, -4.15481
1514.44, -4.15798
1514.34, -4.16116
1514.24, -4.16433
1514.15, -4.16749
1514.05, -4.17062
1513.96, -4.17375
1513.86, -4.17688
1513.77, -4.18002
1513.67, -4.18315
1513.58, -4.18629
1513.48, -4.18942
1513.39, -4.19256
1513.29, -4.1957
1513.2, -4.19884
1513.1, -4.20199
1513, -4.20513
1512.91, -4.20827
1512.81, -4.21142
1512.72, -4.21456
1512.62, -4.21771
1512.53, -4.22086
1512.43, -4.22401
1512.34, -4.22716
1512.24, -4.23031
1512.15, -4.23347
1512.05, -4.23662
1511.96, -4.23978
1511.86, -4.24293
1511.77, -4.24609
1511.67, -4.24925
1511.58, -4.25241
1511.48, -4.25557
1511.39, -4.25873
1511.29, -4.2619
1511.2, -4.26506
1511.1, -4.26823
1511.01, -4.27139
1510.91, -4.27456
1510.82, -4.27773
1510.72, -4.2809
1510.63, -4.28407
1510.53, -4.28725
1510.44, -4.29042
1510.34, -4.2936
1510.25, -4.29677
1510.15, -4.29995
1510.06, -4.30313
1509.96, -4.30631
1509.87, -4.30949
1509.77, -4.31267
1509.68, -4.31585
1509.58, -4.31904
1509.49, -4.32222
1509.39, -4.3254
1509.3, -4.32856
1509.2, -4.33173
1509.11, -4.3349
1509.01, -4.33806
1508.92, -4.34123
1508.82, -4.3444
1508.73, -4.34757
1508.63, -4.35074
1508.54, -4.35392
1508.44, -4.35709
1508.35, -4.36027
1508.26, -4.36344
1508.16, -4.36662
1508.07, -4.3698
1507.97, -4.37298
1507.88, -4.37616
1507.78, -4.37934
1507.69, -4.38253
1507.59, -4.38571
1507.5, -4.3889
1507.4, -4.39209
1507.31, -4.39527
1507.21, -4.39846
1507.12, -4.40165
1507.03, -4.40485
1506.93, -4.40804
1506.84, -4.41123
1506.74, -4.41443
1506.65, -4.41762
1506.55, -4.42082
1506.46, -4.42402
1506.36, -4.42722
1506.27, -4.43042
1506.18, -4.43363
1506.08, -4.43683
1505.99, -4.44003
1505.89, -4.44324
1505.8, -4.44645
1505.7, -4.44965
1505.61, -4.45286
1505.51, -4.45607
1505.42, -4.45929
1505.33, -4.4625
1505.23, -4.46571
1505.14, -4.46893
1505.04, -4.47215
1504.95, -4.47536
1504.85, -4.47858
1504.76, -4.4818
1504.67, -4.48501
1504.57, -4.48819
1504.48, -4.49137
1504.38, -4.49455
1504.29, -4.49774
1504.19, -4.50093
1504.1, -4.50411
1504.01, -4.5073
1503.91, -4.51049
1503.82, -4.51368
1503.72, -4.51687
1503.63, -4.52006
1503.54, -4.52326
1503.44, -4.52645
1503.35, -4.52965
1503.25, -4.53285
1503.16, -4.53604
1503.07, -4.53924
1502.97, -4.54244
1502.88, -4.54565
1502.78, -4.54885
1502.69, -4.55205
1502.6, -4.55526
1502.5, -4.55847
1502.41, -4.56167
1502.31, -4.56488
1502.22, -4.56809
1502.13, -4.57131
1502.03, -4.57452
1501.94, -4.57773
1501.84, -4.58095
1501.75, -4.58416
1501.66, -4.58738


