wavelength(nm), Y
1601.67, -7.15504
1601.56, -7.15504
1601.45, -7.15504
1601.35, -7.15504
1601.24, -7.15504
1601.13, -7.15504
1601.03, -7.15504
1600.92, -7.15504
1600.81, -7.15504
1600.71, -7.15504
1600.6, -7.15504
1600.49, -7.15504
1600.39, -7.15504
1600.28, -7.15504
1600.17, -7.15504
1600.07, -7.15504
1599.96, -7.15165
1599.85, -7.14263
1599.75, -7.13361
1599.64, -7.12461
1599.53, -7.11561
1599.43, -7.10662
1599.32, -7.09765
1599.21, -7.08868
1599.11, -7.07972
1599, -7.07077
1598.9, -7.06183
1598.79, -7.0529
1598.68, -7.04398
1598.58, -7.03506
1598.47, -7.02616
1598.36, -7.01727
1598.26, -7.00838
1598.15, -6.9995
1598.04, -6.99064
1597.94, -6.98178
1597.83, -6.97293
1597.73, -6.96409
1597.62, -6.95526
1597.51, -6.94643
1597.41, -6.93762
1597.3, -6.92882
1597.19, -6.92002
1597.09, -6.91123
1596.98, -6.90246
1596.88, -6.89369
1596.77, -6.88493
1596.66, -6.87618
1596.56, -6.86743
1596.45, -6.8587
1596.35, -6.84998
1596.24, -6.84126
1596.13, -6.83255
1596.03, -6.82385
1595.92, -6.81516
1595.82, -6.80648
1595.71, -6.79781
1595.6, -6.78915
1595.5, -6.78049
1595.39, -6.77184
1595.29, -6.7632
1595.18, -6.75458
1595.07, -6.74595
1594.97, -6.73734
1594.86, -6.72874
1594.76, -6.72014
1594.65, -6.71139
1594.54, -6.70228
1594.44, -6.69319
1594.33, -6.6841
1594.23, -6.67503
1594.12, -6.66596
1594.02, -6.6569
1593.91, -6.64785
1593.8, -6.63882
1593.7, -6.62979
1593.59, -6.62077
1593.49, -6.61176
1593.38, -6.60276
1593.28, -6.59377
1593.17, -6.58478
1593.06, -6.57581
1592.96, -6.56685
1592.85, -6.55789
1592.75, -6.54895
1592.64, -6.54001
1592.54, -6.53109
1592.43, -6.52217
1592.33, -6.51326
1592.22, -6.50436
1592.11, -6.49547
1592.01, -6.48659
1591.9, -6.47772
1591.8, -6.46886
1591.69, -6.46
1591.59, -6.45116
1591.48, -6.44232
1591.38, -6.43349
1591.27, -6.42468
1591.16, -6.41587
1591.06, -6.40707
1590.95, -6.39828
1590.85, -6.38949
1590.74, -6.38072
1590.64, -6.37196
1590.53, -6.3632
1590.43, -6.35445
1590.32, -6.34572
1590.22, -6.33699
1590.11, -6.32827
1590.01, -6.31956
1589.9, -6.31085
1589.8, -6.30216
1589.69, -6.29347
1589.59, -6.2848
1589.48, -6.27613
1589.38, -6.26735
1589.27, -6.25828
1589.17, -6.24922
1589.06, -6.24017
1588.96, -6.23113
1588.85, -6.2221
1588.74, -6.21308
1588.64, -6.20406
1588.53, -6.19506
1588.43, -6.18606
1588.32, -6.17708
1588.22, -6.1681
1588.11, -6.15914
1588.01, -6.15018
1587.9, -6.14123
1587.8, -6.13229
1587.69, -6.12336
1587.59, -6.11444
1587.49, -6.10553
1587.38, -6.09663
1587.28, -6.08773
1587.17, -6.07885
1587.07, -6.06997
1586.96, -6.06111
1586.86, -6.05225
1586.75, -6.0434
1586.65, -6.03456
1586.54, -6.02573
1586.44, -6.01691
1586.33, -6.0081
1586.23, -5.99929
1586.12, -5.9905
1586.02, -5.98171
1585.91, -5.97294
1585.81, -5.96417
1585.7, -5.95541
1585.6, -5.94666
1585.49, -5.93792
1585.39, -5.92919
1585.29, -5.92046
1585.18, -5.91175
1585.08, -5.90304
1584.97, -5.89435
1584.87, -5.88566
1584.76, -5.87698
1584.66, -5.8683
1584.55, -5.85964
1584.45, -5.85099
1584.34, -5.84234
1584.24, -5.83371
1584.14, -5.82501
1584.03, -5.81608
1583.93, -5.80716
1583.82, -5.79824
1583.72, -5.78934
1583.61, -5.78045
1583.51, -5.77156
1583.4, -5.76269
1583.3, -5.75382
1583.2, -5.74496
1583.09, -5.73611
1582.99, -5.72727
1582.88, -5.71844
1582.78, -5.70962
1582.67, -5.70081
1582.57, -5.692
1582.47, -5.68321
1582.36, -5.67442
1582.26, -5.66564
1582.15, -5.65688
1582.05, -5.64812
1581.95, -5.63937
1581.84, -5.63062
1581.74, -5.62189
1581.63, -5.61317
1581.53, -5.60445
1581.42, -5.59574
1581.32, -5.58704
1581.22, -5.57836
1581.11, -5.56967
1581.01, -5.561
1580.9, -5.55234
1580.8, -5.54368
1580.7, -5.53504
1580.59, -5.5264
1580.49, -5.51777
1580.38, -5.50915
1580.28, -5.50054
1580.18, -5.49194
1580.07, -5.48334
1579.97, -5.47475
1579.86, -5.46618
1579.76, -5.45761
1579.66, -5.44905
1579.55, -5.44049
1579.45, -5.43195
1579.35, -5.42341
1579.24, -5.41489
1579.14, -5.40637
1579.03, -5.39786
1578.93, -5.38931
1578.83, -5.38057
1578.72, -5.37183
1578.62, -5.36311
1578.52, -5.35439
1578.41, -5.34568
1578.31, -5.33698
1578.2, -5.32829
1578.1, -5.31961
1578, -5.31093
1577.89, -5.30227
1577.79, -5.29361
1577.69, -5.28496
1577.58, -5.27632
1577.48, -5.26769
1577.38, -5.25907
1577.27, -5.25045
1577.17, -5.24185
1577.06, -5.23325
1576.96, -5.22466
1576.86, -5.21608
1576.75, -5.20751
1576.65, -5.19895
1576.55, -5.1904
1576.44, -5.18185
1576.34, -5.17331
1576.24, -5.16478
1576.13, -5.15626
1576.03, -5.14775
1575.93, -5.13924
1575.82, -5.13075
1575.72, -5.12226
1575.62, -5.11378
1575.51, -5.10531
1575.41, -5.09685
1575.31, -5.08839
1575.2, -5.07995
1575.1, -5.07151
1575, -5.06308
1574.89, -5.05466
1574.79, -5.04624
1574.69, -5.03784
1574.58, -5.02944
1574.48, -5.02105
1574.38, -5.01267
1574.27, -5.0043
1574.17, -4.99593
1574.07, -4.98758
1573.96, -4.97923
1573.86, -4.97089
1573.76, -4.96253
1573.66, -4.95401
1573.55, -4.9455
1573.45, -4.937
1573.35, -4.9285
1573.24, -4.92002
1573.14, -4.91154
1573.04, -4.90307
1572.93, -4.89461
1572.83, -4.88615
1572.73, -4.87771
1572.63, -4.86927
1572.52, -4.86084
1572.42, -4.85242
1572.32, -4.84401
1572.21, -4.83561
1572.11, -4.82721
1572.01, -4.81882
1571.91, -4.81044
1571.8, -4.80207
1571.7, -4.79371
1571.6, -4.78535
1571.49, -4.777
1571.39, -4.76866
1571.29, -4.76033
1571.19, -4.75201
1571.08, -4.74369
1570.98, -4.73538
1570.88, -4.72708
1570.77, -4.71879
1570.67, -4.71051
1570.57, -4.70223
1570.47, -4.69396
1570.36, -4.6857
1570.26, -4.67745
1570.16, -4.66921
1570.06, -4.66097
1569.95, -4.65274
1569.85, -4.64452
1569.75, -4.63631
1569.65, -4.6281
1569.54, -4.6199
1569.44, -4.61171
1569.34, -4.60353
1569.24, -4.59535
1569.13, -4.58719
1569.03, -4.57903
1568.93, -4.57088
1568.83, -4.56273
1568.72, -4.5546
1568.62, -4.54646
1568.52, -4.53824
1568.42, -4.53002
1568.31, -4.52181
1568.21, -4.51361
1568.11, -4.50542
1568.01, -4.49724
1567.9, -4.48906
1567.8, -4.48089
1567.7, -4.47273
1567.6, -4.46457
1567.5, -4.45643
1567.39, -4.44829
1567.29, -4.44016
1567.19, -4.43203
1567.09, -4.42392
1566.98, -4.41581
1566.88, -4.40771
1566.78, -4.39962
1566.68, -4.39153
1566.58, -4.38345
1566.47, -4.37538
1566.37, -4.36732
1566.27, -4.35926
1566.17, -4.35121
1566.06, -4.34317
1565.96, -4.33514
1565.86, -4.32712
1565.76, -4.3191
1565.66, -4.31109
1565.55, -4.30308
1565.45, -4.29509
1565.35, -4.2871
1565.25, -4.27911
1565.15, -4.27114
1565.04, -4.26317
1564.94, -4.25521
1564.84, -4.24726
1564.74, -4.23932
1564.64, -4.23138
1564.54, -4.22345
1564.43, -4.21552
1564.33, -4.20761
1564.23, -4.1997
1564.13, -4.1918
1564.03, -4.1839
1563.92, -4.17602
1563.82, -4.16814
1563.72, -4.16026
1563.62, -4.1524
1563.52, -4.14454
1563.42, -4.13663
1563.31, -4.12874
1563.21, -4.12085
1563.11, -4.11297
1563.01, -4.10509
1562.91, -4.09723
1562.8, -4.08937
1562.7, -4.08151
1562.6, -4.07367
1562.5, -4.06583
1562.4, -4.058
1562.3, -4.05017
1562.2, -4.04236
1562.09, -4.03455
1561.99, -4.02674
1561.89, -4.01895
1561.79, -4.01116
1561.69, -4.00337
1561.59, -3.9956
1561.48, -3.98783
1561.38, -3.98007
1561.28, -3.97231
1561.18, -3.96457
1561.08, -3.95683
1560.98, -3.94909
1560.88, -3.94136
1560.77, -3.93364
1560.67, -3.92593
1560.57, -3.91822
1560.47, -3.91052
1560.37, -3.90283
1560.27, -3.89515
1560.17, -3.88747
1560.06, -3.87979
1559.96, -3.87213
1559.86, -3.86447
1559.76, -3.85682
1559.66, -3.84917
1559.56, -3.84153
1559.46, -3.8339
1559.36, -3.82628
1559.25, -3.81866
1559.15, -3.81105
1559.05, -3.80344
1558.95, -3.79584
1558.85, -3.78825
1558.75, -3.78066
1558.65, -3.77309
1558.55, -3.76551
1558.45, -3.75795
1558.34, -3.75043
1558.24, -3.74292
1558.14, -3.73542
1558.04, -3.72792
1557.94, -3.72044
1557.84, -3.71295
1557.74, -3.70548
1557.64, -3.69801
1557.54, -3.69054
1557.44, -3.68309
1557.33, -3.67564
1557.23, -3.66819
1557.13, -3.66075
1557.03, -3.65332
1556.93, -3.6459
1556.83, -3.63848
1556.73, -3.63107
1556.63, -3.62366
1556.53, -3.61626
1556.43, -3.60887
1556.33, -3.60148
1556.22, -3.5941
1556.12, -3.58672
1556.02, -3.57935
1555.92, -3.57199
1555.82, -3.56464
1555.72, -3.55729
1555.62, -3.54994
1555.52, -3.54261
1555.42, -3.53527
1555.32, -3.52795
1555.22, -3.52063
1555.12, -3.51332
1555.02, -3.50601
1554.92, -3.49871
1554.81, -3.49142
1554.71, -3.48413
1554.61, -3.47685
1554.51, -3.46957
1554.41, -3.4623
1554.31, -3.45504
1554.21, -3.44778
1554.11, -3.44053
1554.01, -3.43328
1553.91, -3.42604
1553.81, -3.41881
1553.71, -3.41158
1553.61, -3.40436
1553.51, -3.39715
1553.41, -3.38994
1553.31, -3.38278
1553.21, -3.37563
1553.11, -3.36849
1553.01, -3.36135
1552.91, -3.35422
1552.81, -3.3471
1552.7, -3.33998
1552.6, -3.33287
1552.5, -3.32576
1552.4, -3.31866
1552.3, -3.31156
1552.2, -3.30447
1552.1, -3.29739
1552, -3.29031
1551.9, -3.28324
1551.8, -3.27617
1551.7, -3.26911
1551.6, -3.26206
1551.5, -3.25501
1551.4, -3.24797
1551.3, -3.24093
1551.2, -3.2339
1551.1, -3.22687
1551, -3.21985
1550.9, -3.21283
1550.8, -3.20582
1550.7, -3.19882
1550.6, -3.19182
1550.5, -3.18483
1550.4, -3.17784
1550.3, -3.17086
1550.2, -3.16389
1550.1, -3.15692
1550, -3.14995
1549.9, -3.14299
1549.8, -3.13604
1549.7, -3.12909
1549.6, -3.12215
1549.5, -3.11521
1549.4, -3.10828
1549.3, -3.10136
1549.2, -3.09444
1549.1, -3.08752
1549, -3.08061
1548.9, -3.07371
1548.8, -3.06681
1548.7, -3.05992
1548.6, -3.05303
1548.5, -3.04616
1548.4, -3.03932
1548.3, -3.03249
1548.2, -3.02568
1548.1, -3.01892
1548, -3.01216
1547.9, -3.00541
1547.8, -2.99866
1547.7, -2.99192
1547.6, -2.98518
1547.5, -2.97845
1547.4, -2.97172
1547.3, -2.965
1547.21, -2.95829
1547.11, -2.95158
1547.01, -2.94487
1546.91, -2.93817
1546.81, -2.93148
1546.71, -2.92479
1546.61, -2.9181
1546.51, -2.91142
1546.41, -2.90475
1546.31, -2.89808
1546.21, -2.89141
1546.11, -2.88475
1546.01, -2.8781
1545.91, -2.87145
1545.81, -2.86481
1545.71, -2.85817
1545.61, -2.85154
1545.51, -2.84491
1545.41, -2.83828
1545.31, -2.83166
1545.21, -2.82505
1545.12, -2.81844
1545.02, -2.81184
1544.92, -2.80524
1544.82, -2.79865
1544.72, -2.79206
1544.62, -2.78548
1544.52, -2.7789
1544.42, -2.77232
1544.32, -2.76575
1544.22, -2.75919
1544.12, -2.75263
1544.02, -2.74608
1543.92, -2.73953
1543.82, -2.73299
1543.73, -2.72645
1543.63, -2.71991
1543.53, -2.71338
1543.43, -2.70686
1543.33, -2.70043
1543.23, -2.69403
1543.13, -2.68763
1543.03, -2.68124
1542.93, -2.67485
1542.83, -2.66847
1542.73, -2.66209
1542.64, -2.65572
1542.54, -2.64935
1542.44, -2.64299
1542.34, -2.63663
1542.24, -2.63027
1542.14, -2.62392
1542.04, -2.61758
1541.94, -2.61124
1541.84, -2.6049
1541.74, -2.59857
1541.65, -2.59224
1541.55, -2.58592
1541.45, -2.5796
1541.35, -2.57329
1541.25, -2.56698
1541.15, -2.56068
1541.05, -2.55438
1540.95, -2.54808
1540.85, -2.54179
1540.76, -2.53551
1540.66, -2.52923
1540.56, -2.52295
1540.46, -2.51668
1540.36, -2.51041
1540.26, -2.50415
1540.16, -2.49789
1540.06, -2.49163
1539.97, -2.48538
1539.87, -2.47914
1539.77, -2.4729
1539.67, -2.46666
1539.57, -2.46043
1539.47, -2.4542
1539.37, -2.44798
1539.27, -2.44176
1539.18, -2.43555
1539.08, -2.42934
1538.98, -2.42314
1538.88, -2.41693
1538.78, -2.41074
1538.68, -2.40455
1538.58, -2.39836
1538.49, -2.39218
1538.39, -2.38612
1538.29, -2.3801
1538.19, -2.37408
1538.09, -2.36807
1537.99, -2.36207
1537.9, -2.35607
1537.8, -2.35007
1537.7, -2.34408
1537.6, -2.33809
1537.5, -2.3321
1537.4, -2.32612
1537.3, -2.32015
1537.21, -2.31418
1537.11, -2.30821
1537.01, -2.30224
1536.91, -2.29628
1536.81, -2.29033
1536.71, -2.28437
1536.62, -2.27843
1536.52, -2.27248
1536.42, -2.26654
1536.32, -2.26061
1536.22, -2.25468
1536.13, -2.24875
1536.03, -2.24283
1535.93, -2.23691
1535.83, -2.23099
1535.73, -2.22508
1535.63, -2.21917
1535.54, -2.21327
1535.44, -2.20737
1535.34, -2.20147
1535.24, -2.19558
1535.14, -2.18969
1535.05, -2.18381
1534.95, -2.17793
1534.85, -2.17206
1534.75, -2.16619
1534.65, -2.16032
1534.56, -2.15445
1534.46, -2.14859
1534.36, -2.14274
1534.26, -2.13689
1534.16, -2.13104
1534.07, -2.1252
1533.97, -2.11936
1533.87, -2.11352
1533.77, -2.10769
1533.67, -2.10186
1533.58, -2.09604
1533.48, -2.09036
1533.38, -2.08476
1533.28, -2.07916
1533.18, -2.07356
1533.09, -2.06796
1532.99, -2.06237
1532.89, -2.05679
1532.79, -2.0512
1532.7, -2.04562
1532.6, -2.04005
1532.5, -2.03447
1532.4, -2.0289
1532.3, -2.02334
1532.21, -2.01778
1532.11, -2.01222
1532.01, -2.00666
1531.91, -2.00111
1531.82, -1.99556
1531.72, -1.99002
1531.62, -1.98448
1531.52, -1.97894
1531.43, -1.97341
1531.33, -1.96788
1531.23, -1.96235
1531.13, -1.95683
1531.03, -1.95131
1530.94, -1.94579
1530.84, -1.94028
1530.74, -1.93477
1530.64, -1.92926
1530.55, -1.92376
1530.45, -1.91826
1530.35, -1.91277
1530.25, -1.90727
1530.16, -1.90179
1530.06, -1.8963
1529.96, -1.89082
1529.87, -1.88534
1529.77, -1.87987
1529.67, -1.8744
1529.57, -1.86893
1529.48, -1.86346
1529.38, -1.858
1529.28, -1.85255
1529.18, -1.84709
1529.09, -1.84164
1528.99, -1.83619
1528.89, -1.83075
1528.79, -1.82531
1528.7, -1.81987
1528.6, -1.8146
1528.5, -1.80942
1528.41, -1.80424
1528.31, -1.79907
1528.21, -1.7939
1528.11, -1.78873
1528.02, -1.78357
1527.92, -1.7784
1527.82, -1.77325
1527.72, -1.76809
1527.63, -1.76294
1527.53, -1.75779
1527.43, -1.75264
1527.34, -1.7475
1527.24, -1.74236
1527.14, -1.73722
1527.05, -1.73209
1526.95, -1.72695
1526.85, -1.72183
1526.75, -1.7167
1526.66, -1.71158
1526.56, -1.70646
1526.46, -1.70134
1526.37, -1.69623
1526.27, -1.69112
1526.17, -1.68601
1526.08, -1.68091
1525.98, -1.67581
1525.88, -1.67071
1525.78, -1.66562
1525.69, -1.66052
1525.59, -1.65543
1525.49, -1.65035
1525.4, -1.64526
1525.3, -1.64018
1525.2, -1.63511
1525.11, -1.63003
1525.01, -1.62496
1524.91, -1.61989
1524.82, -1.61483
1524.72, -1.60976
1524.62, -1.60471
1524.53, -1.59965
1524.43, -1.5946
1524.33, -1.58954
1524.24, -1.5845
1524.14, -1.57945
1524.04, -1.57441
1523.95, -1.56937
1523.85, -1.56433
1523.75, -1.55949
1523.66, -1.55477
1523.56, -1.55006
1523.46, -1.54535
1523.37, -1.54064
1523.27, -1.53594
1523.17, -1.53124
1523.08, -1.52654
1522.98, -1.52184
1522.88, -1.51715
1522.79, -1.51245
1522.69, -1.50776
1522.59, -1.50308
1522.5, -1.49839
1522.4, -1.49371
1522.3, -1.48903
1522.21, -1.48435
1522.11, -1.47968
1522.01, -1.47501
1521.92, -1.47034
1521.82, -1.46567
1521.73, -1.46101
1521.63, -1.45635
1521.53, -1.45169
1521.44, -1.44703
1521.34, -1.44237
1521.24, -1.43772
1521.15, -1.43307
1521.05, -1.42843
1520.95, -1.42378
1520.86, -1.41914
1520.76, -1.4145
1520.67, -1.40986
1520.57, -1.40523
1520.47, -1.4006
1520.38, -1.39597
1520.28, -1.39134
1520.18, -1.38672
1520.09, -1.38209
1519.99, -1.37747
1519.9, -1.37286
1519.8, -1.36824
1519.7, -1.36363
1519.61, -1.35902
1519.51, -1.35441
1519.42, -1.34981
1519.32, -1.3452
1519.22, -1.3406
1519.13, -1.33601
1519.03, -1.33141
1518.94, -1.32701
1518.84, -1.32277
1518.74, -1.31853
1518.65, -1.31429
1518.55, -1.31006
1518.46, -1.30582
1518.36, -1.30159
1518.26, -1.29736
1518.17, -1.29314
1518.07, -1.28891
1517.98, -1.28469
1517.88, -1.28047
1517.78, -1.27625
1517.69, -1.27204
1517.59, -1.26782
1517.5, -1.26361
1517.4, -1.2594
1517.3, -1.25519
1517.21, -1.25098
1517.11, -1.24678
1517.02, -1.24258
1516.92, -1.23838
1516.83, -1.23418
1516.73, -1.22998
1516.63, -1.22579
1516.54, -1.2216
1516.44, -1.21741
1516.35, -1.21322
1516.25, -1.20903
1516.16, -1.20485
1516.06, -1.20067
1515.96, -1.19649
1515.87, -1.19231
1515.77, -1.18814
1515.68, -1.18396
1515.58, -1.17979
1515.49, -1.17562
1515.39, -1.17145
1515.29, -1.16729
1515.2, -1.16312
1515.1, -1.15896
1515.01, -1.1548
1514.91, -1.15064
1514.82, -1.14649
1514.72, -1.14233
1514.63, -1.13818
1514.53, -1.13403
1514.44, -1.12988
1514.34, -1.12574
1514.24, -1.1216
1514.15, -1.11763
1514.05, -1.11387
1513.96, -1.1101
1513.86, -1.10633
1513.77, -1.10257
1513.67, -1.09881
1513.58, -1.09505
1513.48, -1.09129
1513.39, -1.08753
1513.29, -1.08377
1513.2, -1.08002
1513.1, -1.07627
1513, -1.07252
1512.91, -1.06877
1512.81, -1.06502
1512.72, -1.06127
1512.62, -1.05753
1512.53, -1.05379
1512.43, -1.05004
1512.34, -1.04631
1512.24, -1.04257
1512.15, -1.03883
1512.05, -1.0351
1511.96, -1.03136
1511.86, -1.02763
1511.77, -1.0239
1511.67, -1.02017
1511.58, -1.01645
1511.48, -1.01272
1511.39, -1.009
1511.29, -1.00528
1511.2, -1.00155
1511.1, -0.997836
1511.01, -0.994119
1510.91, -0.990403
1510.82, -0.986689
1510.72, -0.982977
1510.63, -0.979266
1510.53, -0.975556
1510.44, -0.971849
1510.34, -0.968143
1510.25, -0.964438
1510.15, -0.960735
1510.06, -0.957034
1509.96, -0.953334
1509.87, -0.949636
1509.77, -0.945939
1509.68, -0.942244
1509.58, -0.93855
1509.49, -0.934858
1509.39, -0.931327
1509.3, -0.928
1509.2, -0.924675
1509.11, -0.921352
1509.01, -0.918029
1508.92, -0.914708
1508.82, -0.911388
1508.73, -0.908069
1508.63, -0.904752
1508.54, -0.901436
1508.44, -0.898121
1508.35, -0.894808
1508.26, -0.891495
1508.16, -0.888184
1508.07, -0.884874
1507.97, -0.881566
1507.88, -0.878258
1507.78, -0.874952
1507.69, -0.871648
1507.59, -0.868344
1507.5, -0.865042
1507.4, -0.861741
1507.31, -0.858441
1507.21, -0.855143
1507.12, -0.851845
1507.03, -0.848549
1506.93, -0.845255
1506.84, -0.841961
1506.74, -0.838669
1506.65, -0.835378
1506.55, -0.832088
1506.46, -0.8288
1506.36, -0.825513
1506.27, -0.822227
1506.18, -0.818942
1506.08, -0.815658
1505.99, -0.812376
1505.89, -0.809095
1505.8, -0.805815
1505.7, -0.802536
1505.61, -0.799259
1505.51, -0.795983
1505.42, -0.792708
1505.33, -0.789435
1505.23, -0.786162
1505.14, -0.782891
1505.04, -0.779621
1504.95, -0.776352
1504.85, -0.773085
1504.76, -0.769819
1504.67, -0.766691
1504.57, -0.763785
1504.48, -0.760879
1504.38, -0.757975
1504.29, -0.755071
1504.19, -0.752169
1504.1, -0.749267
1504.01, -0.746366
1503.91, -0.743467
1503.82, -0.740568
1503.72, -0.73767
1503.63, -0.734773
1503.54, -0.731877
1503.44, -0.728983
1503.35, -0.726089
1503.25, -0.723196
1503.16, -0.720304
1503.07, -0.717413
1502.97, -0.714523
1502.88, -0.711634
1502.78, -0.708745
1502.69, -0.705858
1502.6, -0.702972
1502.5, -0.700087
1502.41, -0.697203
1502.31, -0.694319
1502.22, -0.691437
1502.13, -0.688555
1502.03, -0.685675
1501.94, -0.682795
1501.84, -0.679917
1501.75, -0.677039
1501.66, -0.674163
1601.67, -58.4039
1601.56, -58.4039
1601.45, -58.4039
1601.35, -58.4039
1601.24, -58.4039
1601.13, -58.4039
1601.03, -58.4039
1600.92, -58.4039
1600.81, -58.4039
1600.71, -58.4039
1600.6, -58.4039
1600.49, -58.4039
1600.39, -58.4039
1600.28, -58.4039
1600.17, -58.4039
1600.07, -58.4039
1599.96, -58.3816
1599.85, -58.3225
1599.75, -58.2639
1599.64, -58.2056
1599.53, -58.1477
1599.43, -58.0902
1599.32, -58.033
1599.21, -57.9763
1599.11, -57.9199
1599, -57.8639
1598.9, -57.8082
1598.79, -57.7529
1598.68, -57.6979
1598.58, -57.6433
1598.47, -57.589
1598.36, -57.5351
1598.26, -57.4815
1598.15, -57.4282
1598.04, -57.3753
1597.94, -57.3226
1597.83, -57.2703
1597.73, -57.2183
1597.62, -57.1666
1597.51, -57.1152
1597.41, -57.0641
1597.3, -57.0134
1597.19, -56.9629
1597.09, -56.9127
1596.98, -56.8628
1596.88, -56.8131
1596.77, -56.7638
1596.66, -56.7147
1596.56, -56.6659
1596.45, -56.6174
1596.35, -56.5692
1596.24, -56.5212
1596.13, -56.4735
1596.03, -56.426
1595.92, -56.3788
1595.82, -56.3319
1595.71, -56.2852
1595.6, -56.2388
1595.5, -56.1926
1595.39, -56.1466
1595.29, -56.1009
1595.18, -56.0554
1595.07, -56.0102
1594.97, -55.9652
1594.86, -55.9204
1594.76, -55.8759
1594.65, -55.8363
1594.54, -55.8067
1594.44, -55.7771
1594.33, -55.7477
1594.23, -55.7183
1594.12, -55.6891
1594.02, -55.66
1593.91, -55.6309
1593.8, -55.602
1593.7, -55.5731
1593.59, -55.5444
1593.49, -55.5157
1593.38, -55.4872
1593.28, -55.4587
1593.17, -55.4303
1593.06, -55.402
1592.96, -55.3738
1592.85, -55.3457
1592.75, -55.3177
1592.64, -55.2898
1592.54, -55.262
1592.43, -55.2342
1592.33, -55.2066
1592.22, -55.179
1592.11, -55.1515
1592.01, -55.1241
1591.9, -55.0968
1591.8, -55.0696
1591.69, -55.0424
1591.59, -55.0154
1591.48, -54.9884
1591.38, -54.9615
1591.27, -54.9347
1591.16, -54.908
1591.06, -54.8814
1590.95, -54.8548
1590.85, -54.8283
1590.74, -54.802
1590.64, -54.7756
1590.53, -54.7494
1590.43, -54.7232
1590.32, -54.6972
1590.22, -54.6712
1590.11, -54.6452
1590.01, -54.6194
1589.9, -54.5936
1589.8, -54.5679
1589.69, -54.5423
1589.59, -54.5168
1589.48, -54.4913
1589.38, -54.4272
1589.27, -54.261
1589.17, -54.0979
1589.06, -53.9378
1588.96, -53.7806
1588.85, -53.6262
1588.74, -53.4744
1588.64, -53.3253
1588.53, -53.1787
1588.43, -53.0346
1588.32, -52.8928
1588.22, -52.7532
1588.11, -52.6159
1588.01, -52.4807
1587.9, -52.3476
1587.8, -52.2165
1587.69, -52.0874
1587.59, -51.9601
1587.49, -51.8347
1587.38, -51.711
1587.28, -51.5891
1587.17, -51.4689
1587.07, -51.3503
1586.96, -51.2334
1586.86, -51.1179
1586.75, -51.004
1586.65, -50.8916
1586.54, -50.7806
1586.44, -50.671
1586.33, -50.5628
1586.23, -50.4559
1586.12, -50.3503
1586.02, -50.2459
1585.91, -50.1428
1585.81, -50.0409
1585.7, -49.9402
1585.6, -49.8407
1585.49, -49.7423
1585.39, -49.645
1585.29, -49.5487
1585.18, -49.4535
1585.08, -49.3594
1584.97, -49.2662
1584.87, -49.1741
1584.76, -49.0829
1584.66, -48.9926
1584.55, -48.9033
1584.45, -48.8149
1584.34, -48.7274
1584.24, -48.6408
1584.14, -48.5622
1584.03, -48.5097
1583.93, -48.4575
1583.82, -48.4056
1583.72, -48.3541
1583.61, -48.3029
1583.51, -48.2519
1583.4, -48.2013
1583.3, -48.1509
1583.2, -48.1008
1583.09, -48.0511
1582.99, -48.0016
1582.88, -47.9524
1582.78, -47.9034
1582.67, -47.8548
1582.57, -47.8064
1582.47, -47.7582
1582.36, -47.7104
1582.26, -47.6628
1582.15, -47.6155
1582.05, -47.5684
1581.95, -47.5215
1581.84, -47.475
1581.74, -47.4286
1581.63, -47.3826
1581.53, -47.3367
1581.42, -47.2911
1581.32, -47.2458
1581.22, -47.2007
1581.11, -47.1558
1581.01, -47.1111
1580.9, -47.0667
1580.8, -47.0225
1580.7, -46.9785
1580.59, -46.9347
1580.49, -46.8912
1580.38, -46.8479
1580.28, -46.8048
1580.18, -46.7619
1580.07, -46.7192
1579.97, -46.6767
1579.86, -46.6344
1579.76, -46.5924
1579.66, -46.5505
1579.55, -46.5089
1579.45, -46.4674
1579.35, -46.4261
1579.24, -46.3851
1579.14, -46.3442
1579.03, -46.3035
1578.93, -46.2759
1578.83, -46.3127
1578.72, -46.3496
1578.62, -46.3868
1578.52, -46.424
1578.41, -46.4615
1578.31, -46.4991
1578.2, -46.5368
1578.1, -46.5748
1578, -46.6129
1577.89, -46.6511
1577.79, -46.6896
1577.69, -46.7282
1577.58, -46.767
1577.48, -46.8059
1577.38, -46.845
1577.27, -46.8843
1577.17, -46.9238
1577.06, -46.9635
1576.96, -47.0033
1576.86, -47.0434
1576.75, -47.0836
1576.65, -47.124
1576.55, -47.1646
1576.44, -47.2053
1576.34, -47.2463
1576.24, -47.2875
1576.13, -47.3288
1576.03, -47.3704
1575.93, -47.4122
1575.82, -47.4541
1575.72, -47.4963
1575.62, -47.5387
1575.51, -47.5813
1575.41, -47.624
1575.31, -47.667
1575.2, -47.7103
1575.1, -47.7537
1575, -47.7973
1574.89, -47.8412
1574.79, -47.8853
1574.69, -47.9296
1574.58, -47.9742
1574.48, -48.0189
1574.38, -48.064
1574.27, -48.1092
1574.17, -48.1547
1574.07, -48.2004
1573.96, -48.2463
1573.86, -48.2926
1573.76, -48.3372
1573.66, -48.3682
1573.55, -48.3994
1573.45, -48.4306
1573.35, -48.462
1573.24, -48.4934
1573.14, -48.525
1573.04, -48.5567
1572.93, -48.5885
1572.83, -48.6205
1572.73, -48.6525
1572.63, -48.6847
1572.52, -48.717
1572.42, -48.7494
1572.32, -48.7819
1572.21, -48.8145
1572.11, -48.8473
1572.01, -48.8802
1571.91, -48.9132
1571.8, -48.9464
1571.7, -48.9797
1571.6, -49.0131
1571.49, -49.0466
1571.39, -49.0803
1571.29, -49.1141
1571.19, -49.148
1571.08, -49.1821
1570.98, -49.2163
1570.88, -49.2506
1570.77, -49.285
1570.67, -49.3196
1570.57, -49.3544
1570.47, -49.3893
1570.36, -49.4243
1570.26, -49.4595
1570.16, -49.4948
1570.06, -49.5302
1569.95, -49.5658
1569.85, -49.6015
1569.75, -49.6374
1569.65, -49.6735
1569.54, -49.7097
1569.44, -49.746
1569.34, -49.7825
1569.24, -49.8191
1569.13, -49.8559
1569.03, -49.8929
1568.93, -49.93
1568.83, -49.9673
1568.72, -50.0047
1568.62, -50.0377
1568.52, -50.0018
1568.42, -49.966
1568.31, -49.9304
1568.21, -49.8949
1568.11, -49.8596
1568.01, -49.8244
1567.9, -49.7893
1567.8, -49.7544
1567.7, -49.7196
1567.6, -49.685
1567.5, -49.6505
1567.39, -49.6161
1567.29, -49.5819
1567.19, -49.5478
1567.09, -49.5138
1566.98, -49.48
1566.88, -49.4463
1566.78, -49.4127
1566.68, -49.3793
1566.58, -49.346
1566.47, -49.3128
1566.37, -49.2797
1566.27, -49.2468
1566.17, -49.214
1566.06, -49.1813
1565.96, -49.1487
1565.86, -49.1163
1565.76, -49.084
1565.66, -49.0518
1565.55, -49.0197
1565.45, -48.9877
1565.35, -48.9559
1565.25, -48.9242
1565.15, -48.8926
1565.04, -48.8611
1564.94, -48.8297
1564.84, -48.7984
1564.74, -48.7672
1564.64, -48.7362
1564.54, -48.7053
1564.43, -48.6744
1564.33, -48.6437
1564.23, -48.6131
1564.13, -48.5826
1564.03, -48.5522
1563.92, -48.5219
1563.82, -48.4917
1563.72, -48.4616
1563.62, -48.4317
1563.52, -48.4023
1563.42, -48.4259
1563.31, -48.4494
1563.21, -48.4731
1563.11, -48.4968
1563.01, -48.5205
1562.91, -48.5444
1562.8, -48.5682
1562.7, -48.5922
1562.6, -48.6162
1562.5, -48.6403
1562.4, -48.6645
1562.3, -48.6887
1562.2, -48.713
1562.09, -48.7374
1561.99, -48.7618
1561.89, -48.7863
1561.79, -48.8109
1561.69, -48.8355
1561.59, -48.8602
1561.48, -48.885
1561.38, -48.9099
1561.28, -48.9348
1561.18, -48.9598
1561.08, -48.9849
1560.98, -49.01
1560.88, -49.0352
1560.77, -49.0605
1560.67, -49.0859
1560.57, -49.1113
1560.47, -49.1368
1560.37, -49.1624
1560.27, -49.188
1560.17, -49.2138
1560.06, -49.2396
1559.96, -49.2655
1559.86, -49.2915
1559.76, -49.3175
1559.66, -49.3436
1559.56, -49.3698
1559.46, -49.3961
1559.36, -49.4225
1559.25, -49.4489
1559.15, -49.4754
1559.05, -49.502
1558.95, -49.5287
1558.85, -49.5555
1558.75, -49.5823
1558.65, -49.6093
1558.55, -49.6363
1558.45, -49.6634
1558.34, -49.7461
1558.24, -49.832
1558.14, -49.9188
1558.04, -50.0065
1557.94, -50.0951
1557.84, -50.1846
1557.74, -50.275
1557.64, -50.3663
1557.54, -50.4587
1557.44, -50.552
1557.33, -50.6464
1557.23, -50.7417
1557.13, -50.8382
1557.03, -50.9357
1556.93, -51.0343
1556.83, -51.1341
1556.73, -51.235
1556.63, -51.3371
1556.53, -51.4404
1556.43, -51.545
1556.33, -51.6508
1556.22, -51.758
1556.12, -51.8665
1556.02, -51.9763
1555.92, -52.0876
1555.82, -52.2003
1555.72, -52.3145
1555.62, -52.4302
1555.52, -52.5475
1555.42, -52.6663
1555.32, -52.7869
1555.22, -52.9091
1555.12, -53.0331
1555.02, -53.1588
1554.92, -53.2864
1554.81, -53.4159
1554.71, -53.5474
1554.61, -53.6809
1554.51, -53.8165
1554.41, -53.9542
1554.31, -54.0942
1554.21, -54.2364
1554.11, -54.381
1554.01, -54.5281
1553.91, -54.6776
1553.81, -54.8299
1553.71, -54.9848
1553.61, -55.1425
1553.51, -55.3032
1553.41, -55.4668
1553.31, -55.6352
1553.21, -55.8071
1553.11, -55.9825
1553.01, -56.1615
1552.91, -56.3442
1552.81, -56.5309
1552.7, -56.7217
1552.6, -56.9167
1552.5, -57.1163
1552.4, -57.3205
1552.3, -57.5296
1552.2, -57.744
1552.1, -57.9637
1552, -58.1891
1551.9, -58.4206
1551.8, -58.6583
1551.7, -58.9028
1551.6, -59.1543
1551.5, -59.4134
1551.4, -59.6804
1551.3, -59.9559
1551.2, -60.2404
1551.1, -60.5346
1551, -60.839
1550.9, -61.1545
1550.8, -61.4819
1550.7, -61.8222
1550.6, -62.1763
1550.5, -62.5455
1550.4, -62.931
1550.3, -63.3345
1550.2, -63.7576
1550.1, -64.2024
1550, -64.6712
1549.9, -65.1668
1549.8, -65.6923
1549.7, -66.2518
1549.6, -66.8497
1549.5, -67.4919
1549.4, -68.1853
1549.3, -68.939
1549.2, -69.7644
1549.1, -70.6764
1549, -71.6956
1548.9, -72.8505
1548.8, -74.1829
1548.7, -75.7573
1548.6, -77.6817
1548.5, -79.5139
1548.4, -80.726
1548.3, -81.1615
1548.2, -80.9717
1548.1, -79.7838
1548, -78.7389
1547.9, -77.8064
1547.8, -76.9643
1547.7, -76.1968
1547.6, -75.4915
1547.5, -74.8393
1547.4, -74.2326
1547.3, -73.6656
1547.21, -73.1333
1547.11, -72.6318
1547.01, -72.1576
1546.91, -71.708
1546.81, -71.2805
1546.71, -70.8731
1546.61, -70.4839
1546.51, -70.1115
1546.41, -69.7543
1546.31, -69.4113
1546.21, -69.0813
1546.11, -68.7633
1546.01, -68.4566
1545.91, -68.1604
1545.81, -67.8739
1545.71, -67.5966
1545.61, -67.3279
1545.51, -67.0672
1545.41, -66.8141
1545.31, -66.5682
1545.21, -66.3291
1545.12, -66.0963
1545.02, -65.8697
1544.92, -65.6488
1544.82, -65.4333
1544.72, -65.2231
1544.62, -65.0179
1544.52, -64.8174
1544.42, -64.6214
1544.32, -64.4298
1544.22, -64.2423
1544.12, -64.0587
1544.02, -63.879
1543.92, -63.7029
1543.82, -63.5302
1543.73, -63.361
1543.63, -63.195
1543.53, -63.0321
1543.43, -62.8722
1543.33, -62.8905
1543.23, -62.9527
1543.13, -63.0154
1543.03, -63.0785
1542.93, -63.1421
1542.83, -63.2061
1542.73, -63.2707
1542.64, -63.3357
1542.54, -63.4012
1542.44, -63.4672
1542.34, -63.5337
1542.24, -63.6007
1542.14, -63.6683
1542.04, -63.7364
1541.94, -63.805
1541.84, -63.8741
1541.74, -63.9438
1541.65, -64.0141
1541.55, -64.085
1541.45, -64.1564
1541.35, -64.2284
1541.25, -64.301
1541.15, -64.3743
1541.05, -64.4481
1540.95, -64.5226
1540.85, -64.5978
1540.76, -64.6736
1540.66, -64.75
1540.56, -64.8272
1540.46, -64.905
1540.36, -64.9835
1540.26, -65.0628
1540.16, -65.1428
1540.06, -65.2235
1539.97, -65.305
1539.87, -65.3872
1539.77, -65.4703
1539.67, -65.5541
1539.57, -65.6388
1539.47, -65.7243
1539.37, -65.8106
1539.27, -65.8978
1539.18, -65.9859
1539.08, -66.0749
1538.98, -66.1648
1538.88, -66.2557
1538.78, -66.3475
1538.68, -66.4403
1538.58, -66.5341
1538.49, -66.629
1538.39, -66.3563
1538.29, -65.9761
1538.19, -65.6119
1538.09, -65.2623
1537.99, -64.9262
1537.9, -64.6027
1537.8, -64.2907
1537.7, -63.9896
1537.6, -63.6986
1537.5, -63.417
1537.4, -63.1443
1537.3, -62.8798
1537.21, -62.6232
1537.11, -62.3739
1537.01, -62.1316
1536.91, -61.8959
1536.81, -61.6664
1536.71, -61.4428
1536.62, -61.2248
1536.52, -61.0122
1536.42, -60.8046
1536.32, -60.6019
1536.22, -60.4038
1536.13, -60.2101
1536.03, -60.0207
1535.93, -59.8353
1535.83, -59.6537
1535.73, -59.4759
1535.63, -59.3017
1535.54, -59.1308
1535.44, -58.9633
1535.34, -58.799
1535.24, -58.6377
1535.14, -58.4793
1535.05, -58.3238
1534.95, -58.171
1534.85, -58.0208
1534.75, -57.8732
1534.65, -57.7281
1534.56, -57.5853
1534.46, -57.4449
1534.36, -57.3067
1534.26, -57.1707
1534.16, -57.0367
1534.07, -56.9048
1533.97, -56.7749
1533.87, -56.6468
1533.77, -56.5207
1533.67, -56.3963
1533.58, -56.2737
1533.48, -56.2065
1533.38, -56.1629
1533.28, -56.1195
1533.18, -56.0764
1533.09, -56.0335
1532.99, -55.9907
1532.89, -55.9482
1532.79, -55.9059
1532.7, -55.8638
1532.6, -55.8219
1532.5, -55.7802
1532.4, -55.7387
1532.3, -55.6974
1532.21, -55.6563
1532.11, -55.6154
1532.01, -55.5747
1531.91, -55.5342
1531.82, -55.4938
1531.72, -55.4537
1531.62, -55.4137
1531.52, -55.3739
1531.43, -55.3343
1531.33, -55.2949
1531.23, -55.2556
1531.13, -55.2166
1531.03, -55.1777
1530.94, -55.139
1530.84, -55.1004
1530.74, -55.062
1530.64, -55.0238
1530.55, -54.9858
1530.45, -54.9479
1530.35, -54.9102
1530.25, -54.8726
1530.16, -54.8352
1530.06, -54.798
1529.96, -54.7609
1529.87, -54.724
1529.77, -54.6873
1529.67, -54.6507
1529.57, -54.6142
1529.48, -54.5779
1529.38, -54.5418
1529.28, -54.5058
1529.18, -54.4699
1529.09, -54.4342
1528.99, -54.3987
1528.89, -54.3633
1528.79, -54.328
1528.7, -54.2929
1528.6, -54.3374
1528.5, -54.4263
1528.41, -54.5161
1528.31, -54.6068
1528.21, -54.6985
1528.11, -54.7911
1528.02, -54.8848
1527.92, -54.9795
1527.82, -55.0752
1527.72, -55.172
1527.63, -55.2699
1527.53, -55.3689
1527.43, -55.469
1527.34, -55.5703
1527.24, -55.6728
1527.14, -55.7765
1527.05, -55.8815
1526.95, -55.9878
1526.85, -56.0953
1526.75, -56.2043
1526.66, -56.3146
1526.56, -56.4263
1526.46, -56.5395
1526.37, -56.6542
1526.27, -56.7704
1526.17, -56.8882
1526.08, -57.0076
1525.98, -57.1287
1525.88, -57.2515
1525.78, -57.376
1525.69, -57.5024
1525.59, -57.6306
1525.49, -57.7607
1525.4, -57.8929
1525.3, -58.027
1525.2, -58.1633
1525.11, -58.3018
1525.01, -58.4424
1524.91, -58.5854
1524.82, -58.7308
1524.72, -58.8787
1524.62, -59.0291
1524.53, -59.1822
1524.43, -59.3381
1524.33, -59.4967
1524.24, -59.6584
1524.14, -59.8231
1524.04, -59.9909
1523.95, -60.1621
1523.85, -60.3368
1523.75, -60.4742
1523.66, -60.5857
1523.56, -60.6986
1523.46, -60.8131
1523.37, -60.929
1523.27, -61.0465
1523.17, -61.1656
1523.08, -61.2864
1522.98, -61.4089
1522.88, -61.5331
1522.79, -61.6592
1522.69, -61.7871
1522.59, -61.9169
1522.5, -62.0486
1522.4, -62.1824
1522.3, -62.3183
1522.21, -62.4564
1522.11, -62.5967
1522.01, -62.7393
1521.92, -62.8842
1521.82, -63.0317
1521.73, -63.1816
1521.63, -63.3342
1521.53, -63.4896
1521.44, -63.6478
1521.34, -63.8089
1521.24, -63.973
1521.15, -64.1403
1521.05, -64.3109
1520.95, -64.4849
1520.86, -64.6625
1520.76, -64.8438
1520.67, -65.0289
1520.57, -65.2181
1520.47, -65.4115
1520.38, -65.6093
1520.28, -65.8116
1520.18, -66.0189
1520.09, -66.2312
1519.99, -66.4488
1519.9, -66.672
1519.8, -66.9011
1519.7, -67.1364
1519.61, -67.3782
1519.51, -67.627
1519.42, -67.8831
1519.32, -68.147
1519.22, -68.4192
1519.13, -68.7001
1519.03, -68.9905
1518.94, -68.9589
1518.84, -68.657
1518.74, -68.3653
1518.65, -68.083
1518.55, -67.8097
1518.46, -67.5447
1518.36, -67.2875
1518.26, -67.0377
1518.17, -66.7949
1518.07, -66.5587
1517.98, -66.3288
1517.88, -66.1048
1517.78, -65.8864
1517.69, -65.6734
1517.59, -65.4655
1517.5, -65.2624
1517.4, -65.064
1517.3, -64.87
1517.21, -64.6802
1517.11, -64.4945
1517.02, -64.3127
1516.92, -64.1346
1516.83, -63.9601
1516.73, -63.7891
1516.63, -63.6213
1516.54, -63.4567
1516.44, -63.2952
1516.35, -63.1366
1516.25, -62.9809
1516.16, -62.8279
1516.06, -62.6776
1515.96, -62.5298
1515.87, -62.3845
1515.77, -62.2416
1515.68, -62.101
1515.58, -61.9626
1515.49, -61.8264
1515.39, -61.6923
1515.29, -61.5603
1515.2, -61.4302
1515.1, -61.302
1515.01, -61.1757
1514.91, -61.0513
1514.82, -60.9285
1514.72, -60.8075
1514.63, -60.6882
1514.53, -60.5704
1514.44, -60.4543
1514.34, -60.3397
1514.24, -60.2265
1514.15, -60.1874
1514.05, -60.2245
1513.96, -60.2617
1513.86, -60.299
1513.77, -60.3365
1513.67, -60.3742
1513.58, -60.4121
1513.48, -60.4501
1513.39, -60.4883
1513.29, -60.5266
1513.2, -60.5651
1513.1, -60.6038
1513, -60.6427
1512.91, -60.6817
1512.81, -60.7209
1512.72, -60.7603
1512.62, -60.7999
1512.53, -60.8396
1512.43, -60.8796
1512.34, -60.9197
1512.24, -60.96
1512.15, -61.0005
1512.05, -61.0412
1511.96, -61.082
1511.86, -61.1231
1511.77, -61.1644
1511.67, -61.2058
1511.58, -61.2475
1511.48, -61.2893
1511.39, -61.3314
1511.29, -61.3737
1511.2, -61.4161
1511.1, -61.4588
1511.01, -61.5017
1510.91, -61.5448
1510.82, -61.5881
1510.72, -61.6317
1510.63, -61.6754
1510.53, -61.7194
1510.44, -61.7636
1510.34, -61.8081
1510.25, -61.8527
1510.15, -61.8976
1510.06, -61.9427
1509.96, -61.9881
1509.87, -62.0337
1509.77, -62.0795
1509.68, -62.1256
1509.58, -62.1719
1509.49, -62.2185
1509.39, -62.2724
1509.3, -62.3359
1509.2, -62.3999
1509.11, -62.4643
1509.01, -62.5293
1508.92, -62.5947
1508.82, -62.6606
1508.73, -62.727
1508.63, -62.7939
1508.54, -62.8614
1508.44, -62.9294
1508.35, -62.9979
1508.26, -63.0669
1508.16, -63.1365
1508.07, -63.2067
1507.97, -63.2775
1507.88, -63.3488
1507.78, -63.4207
1507.69, -63.4932
1507.59, -63.5664
1507.5, -63.6401
1507.4, -63.7145
1507.31, -63.7895
1507.21, -63.8652
1507.12, -63.9415
1507.03, -64.0185
1506.93, -64.0962
1506.84, -64.1746
1506.74, -64.2538
1506.65, -64.3336
1506.55, -64.4142
1506.46, -64.4956
1506.36, -64.5777
1506.27, -64.6606
1506.18, -64.7443
1506.08, -64.8288
1505.99, -64.9141
1505.89, -65.0003
1505.8, -65.0874
1505.7, -65.1753
1505.61, -65.2641
1505.51, -65.3539
1505.42, -65.4446
1505.33, -65.5362
1505.23, -65.6288
1505.14, -65.7225
1505.04, -65.8171
1504.95, -65.9128
1504.85, -66.0095
1504.76, -66.1074
1504.67, -65.9995
1504.57, -65.5767
1504.48, -65.1736
1504.38, -64.7884
1504.29, -64.4195
1504.19, -64.0657
1504.1, -63.7257
1504.01, -63.3986
1503.91, -63.0833
1503.82, -62.779
1503.72, -62.4851
1503.63, -62.2007
1503.54, -61.9254
1503.44, -61.6586
1503.35, -61.3997
1503.25, -61.1482
1503.16, -60.9039
1503.07, -60.6663
1502.97, -60.4349
1502.88, -60.2096
1502.78, -59.99
1502.69, -59.7758
1502.6, -59.5667
1502.5, -59.3626
1502.41, -59.1632
1502.31, -58.9682
1502.22, -58.7775
1502.13, -58.5909
1502.03, -58.4082
1501.94, -58.2293
1501.84, -58.054
1501.75, -57.8822
1501.66, -57.7137
1601.67, -1.56411
1601.56, -1.56411
1601.45, -1.56411
1601.35, -1.56411
1601.24, -1.56411
1601.13, -1.56411
1601.03, -1.56411
1600.92, -1.56411
1600.81, -1.56411
1600.71, -1.56411
1600.6, -1.56411
1600.49, -1.56411
1600.39, -1.56411
1600.28, -1.56411
1600.17, -1.56411
1600.07, -1.56411
1599.96, -1.5646
1599.85, -1.56591
1599.75, -1.56722
1599.64, -1.56852
1599.53, -1.56983
1599.43, -1.57114
1599.32, -1.57245
1599.21, -1.57376
1599.11, -1.57507
1599, -1.57637
1598.9, -1.57768
1598.79, -1.57899
1598.68, -1.5803
1598.58, -1.58161
1598.47, -1.58292
1598.36, -1.58423
1598.26, -1.58554
1598.15, -1.58685
1598.04, -1.58816
1597.94, -1.58947
1597.83, -1.59079
1597.73, -1.5921
1597.62, -1.59341
1597.51, -1.59472
1597.41, -1.59603
1597.3, -1.59734
1597.19, -1.59866
1597.09, -1.59997
1596.98, -1.60128
1596.88, -1.60259
1596.77, -1.60391
1596.66, -1.60522
1596.56, -1.60653
1596.45, -1.60785
1596.35, -1.60916
1596.24, -1.61047
1596.13, -1.61179
1596.03, -1.6131
1595.92, -1.61442
1595.82, -1.61573
1595.71, -1.61705
1595.6, -1.61836
1595.5, -1.61968
1595.39, -1.62099
1595.29, -1.62231
1595.18, -1.62363
1595.07, -1.62494
1594.97, -1.62626
1594.86, -1.62758
1594.76, -1.62889
1594.65, -1.63035
1594.54, -1.6321
1594.44, -1.63386
1594.33, -1.63561
1594.23, -1.63737
1594.12, -1.63912
1594.02, -1.64088
1593.91, -1.64264
1593.8, -1.64439
1593.7, -1.64615
1593.59, -1.64791
1593.49, -1.64967
1593.38, -1.65142
1593.28, -1.65318
1593.17, -1.65494
1593.06, -1.6567
1592.96, -1.65846
1592.85, -1.66022
1592.75, -1.66198
1592.64, -1.66374
1592.54, -1.6655
1592.43, -1.66726
1592.33, -1.66902
1592.22, -1.67078
1592.11, -1.67255
1592.01, -1.67431
1591.9, -1.67607
1591.8, -1.67784
1591.69, -1.6796
1591.59, -1.68136
1591.48, -1.68313
1591.38, -1.68489
1591.27, -1.68666
1591.16, -1.68842
1591.06, -1.69019
1590.95, -1.69196
1590.85, -1.69372
1590.74, -1.69549
1590.64, -1.69726
1590.53, -1.69902
1590.43, -1.70079
1590.32, -1.70256
1590.22, -1.70433
1590.11, -1.7061
1590.01, -1.70787
1589.9, -1.70964
1589.8, -1.71141
1589.69, -1.71318
1589.59, -1.71495
1589.48, -1.71672
1589.38, -1.71862
1589.27, -1.72084
1589.17, -1.72307
1589.06, -1.72529
1588.96, -1.72752
1588.85, -1.72975
1588.74, -1.73197
1588.64, -1.7342
1588.53, -1.73643
1588.43, -1.73866
1588.32, -1.74089
1588.22, -1.74312
1588.11, -1.74535
1588.01, -1.74759
1587.9, -1.74982
1587.8, -1.75205
1587.69, -1.75429
1587.59, -1.75652
1587.49, -1.75875
1587.38, -1.76099
1587.28, -1.76323
1587.17, -1.76546
1587.07, -1.7677
1586.96, -1.76994
1586.86, -1.77218
1586.75, -1.77441
1586.65, -1.77665
1586.54, -1.77889
1586.44, -1.78113
1586.33, -1.78338
1586.23, -1.78562
1586.12, -1.78786
1586.02, -1.7901
1585.91, -1.79235
1585.81, -1.79459
1585.7, -1.79683
1585.6, -1.79908
1585.49, -1.80132
1585.39, -1.80357
1585.29, -1.80582
1585.18, -1.80807
1585.08, -1.81031
1584.97, -1.81256
1584.87, -1.81481
1584.76, -1.81706
1584.66, -1.81931
1584.55, -1.82156
1584.45, -1.82381
1584.34, -1.82607
1584.24, -1.82832
1584.14, -1.83068
1584.03, -1.83342
1583.93, -1.83615
1583.82, -1.83889
1583.72, -1.84163
1583.61, -1.84438
1583.51, -1.84712
1583.4, -1.84986
1583.3, -1.8526
1583.2, -1.85535
1583.09, -1.85809
1582.99, -1.86084
1582.88, -1.86359
1582.78, -1.86634
1582.67, -1.86909
1582.57, -1.87183
1582.47, -1.87459
1582.36, -1.87734
1582.26, -1.88009
1582.15, -1.88284
1582.05, -1.8856
1581.95, -1.88835
1581.84, -1.89111
1581.74, -1.89387
1581.63, -1.89662
1581.53, -1.89938
1581.42, -1.90214
1581.32, -1.9049
1581.22, -1.90766
1581.11, -1.91042
1581.01, -1.91319
1580.9, -1.91595
1580.8, -1.91872
1580.7, -1.92148
1580.59, -1.92425
1580.49, -1.92702
1580.38, -1.92978
1580.28, -1.93255
1580.18, -1.93532
1580.07, -1.93809
1579.97, -1.94087
1579.86, -1.94364
1579.76, -1.94641
1579.66, -1.94919
1579.55, -1.95196
1579.45, -1.95474
1579.35, -1.95751
1579.24, -1.96029
1579.14, -1.96307
1579.03, -1.96585
1578.93, -1.96871
1578.83, -1.97198
1578.72, -1.97524
1578.62, -1.97851
1578.52, -1.98178
1578.41, -1.98505
1578.31, -1.98832
1578.2, -1.99159
1578.1, -1.99486
1578, -1.99813
1577.89, -2.00141
1577.79, -2.00469
1577.69, -2.00796
1577.58, -2.01124
1577.48, -2.01452
1577.38, -2.0178
1577.27, -2.02109
1577.17, -2.02437
1577.06, -2.02766
1576.96, -2.03094
1576.86, -2.03423
1576.75, -2.03752
1576.65, -2.04081
1576.55, -2.0441
1576.44, -2.04739
1576.34, -2.05069
1576.24, -2.05398
1576.13, -2.05728
1576.03, -2.06058
1575.93, -2.06387
1575.82, -2.06717
1575.72, -2.07048
1575.62, -2.07378
1575.51, -2.07708
1575.41, -2.08039
1575.31, -2.08369
1575.2, -2.087
1575.1, -2.09031
1575, -2.09362
1574.89, -2.09693
1574.79, -2.10024
1574.69, -2.10356
1574.58, -2.10687
1574.48, -2.11019
1574.38, -2.11351
1574.27, -2.11683
1574.17, -2.12015
1574.07, -2.12347
1573.96, -2.12679
1573.86, -2.13012
1573.76, -2.1335
1573.66, -2.1373
1573.55, -2.14111
1573.45, -2.14492
1573.35, -2.14873
1573.24, -2.15254
1573.14, -2.15636
1573.04, -2.16017
1572.93, -2.16399
1572.83, -2.16781
1572.73, -2.17163
1572.63, -2.17545
1572.52, -2.17928
1572.42, -2.1831
1572.32, -2.18693
1572.21, -2.19076
1572.11, -2.19459
1572.01, -2.19842
1571.91, -2.20226
1571.8, -2.20609
1571.7, -2.20993
1571.6, -2.21377
1571.49, -2.21761
1571.39, -2.22145
1571.29, -2.2253
1571.19, -2.22915
1571.08, -2.23299
1570.98, -2.23684
1570.88, -2.24069
1570.77, -2.24455
1570.67, -2.2484
1570.57, -2.25226
1570.47, -2.25612
1570.36, -2.25998
1570.26, -2.26384
1570.16, -2.2677
1570.06, -2.27157
1569.95, -2.27543
1569.85, -2.2793
1569.75, -2.28317
1569.65, -2.28704
1569.54, -2.29092
1569.44, -2.29479
1569.34, -2.29867
1569.24, -2.30255
1569.13, -2.30643
1569.03, -2.31031
1568.93, -2.3142
1568.83, -2.31808
1568.72, -2.32197
1568.62, -2.32589
1568.52, -2.33028
1568.42, -2.33468
1568.31, -2.33908
1568.21, -2.34347
1568.11, -2.34788
1568.01, -2.35228
1567.9, -2.35669
1567.8, -2.36109
1567.7, -2.3655
1567.6, -2.36992
1567.5, -2.37433
1567.39, -2.37875
1567.29, -2.38317
1567.19, -2.38759
1567.09, -2.39201
1566.98, -2.39644
1566.88, -2.40087
1566.78, -2.4053
1566.68, -2.40973
1566.58, -2.41417
1566.47, -2.4186
1566.37, -2.42304
1566.27, -2.42749
1566.17, -2.43193
1566.06, -2.43638
1565.96, -2.44083
1565.86, -2.44528
1565.76, -2.44973
1565.66, -2.45419
1565.55, -2.45864
1565.45, -2.4631
1565.35, -2.46757
1565.25, -2.47203
1565.15, -2.4765
1565.04, -2.48097
1564.94, -2.48544
1564.84, -2.48991
1564.74, -2.49439
1564.64, -2.49887
1564.54, -2.50335
1564.43, -2.50783
1564.33, -2.51232
1564.23, -2.51681
1564.13, -2.5213
1564.03, -2.52579
1563.92, -2.53028
1563.82, -2.53478
1563.72, -2.53928
1563.62, -2.54378
1563.52, -2.54829
1563.42, -2.55327
1563.31, -2.55826
1563.21, -2.56325
1563.11, -2.56824
1563.01, -2.57323
1562.91, -2.57822
1562.8, -2.58322
1562.7, -2.58823
1562.6, -2.59323
1562.5, -2.59824
1562.4, -2.60325
1562.3, -2.60826
1562.2, -2.61328
1562.09, -2.6183
1561.99, -2.62332
1561.89, -2.62834
1561.79, -2.63337
1561.69, -2.6384
1561.59, -2.64344
1561.48, -2.64847
1561.38, -2.65351
1561.28, -2.65856
1561.18, -2.6636
1561.08, -2.66865
1560.98, -2.6737
1560.88, -2.67876
1560.77, -2.68381
1560.67, -2.68887
1560.57, -2.69394
1560.47, -2.699
1560.37, -2.70407
1560.27, -2.70914
1560.17, -2.71422
1560.06, -2.7193
1559.96, -2.72438
1559.86, -2.72946
1559.76, -2.73455
1559.66, -2.73964
1559.56, -2.74473
1559.46, -2.74983
1559.36, -2.75492
1559.25, -2.76003
1559.15, -2.76513
1559.05, -2.77024
1558.95, -2.77535
1558.85, -2.78046
1558.75, -2.78558
1558.65, -2.7907
1558.55, -2.79582
1558.45, -2.80095
1558.34, -2.80656
1558.24, -2.8122
1558.14, -2.81785
1558.04, -2.82349
1557.94, -2.82914
1557.84, -2.8348
1557.74, -2.84046
1557.64, -2.84612
1557.54, -2.85178
1557.44, -2.85745
1557.33, -2.86313
1557.23, -2.8688
1557.13, -2.87448
1557.03, -2.88017
1556.93, -2.88586
1556.83, -2.89155
1556.73, -2.89724
1556.63, -2.90294
1556.53, -2.90864
1556.43, -2.91435
1556.33, -2.92006
1556.22, -2.92578
1556.12, -2.93149
1556.02, -2.93721
1555.92, -2.94294
1555.82, -2.94867
1555.72, -2.9544
1555.62, -2.96014
1555.52, -2.96588
1555.42, -2.97162
1555.32, -2.97737
1555.22, -2.98312
1555.12, -2.98888
1555.02, -2.99464
1554.92, -3.0004
1554.81, -3.00617
1554.71, -3.01194
1554.61, -3.01771
1554.51, -3.02349
1554.41, -3.02928
1554.31, -3.03506
1554.21, -3.04085
1554.11, -3.04665
1554.01, -3.05244
1553.91, -3.05825
1553.81, -3.06405
1553.71, -3.06986
1553.61, -3.07568
1553.51, -3.08149
1553.41, -3.08731
1553.31, -3.09357
1553.21, -3.09988
1553.11, -3.10619
1553.01, -3.11251
1552.91, -3.11884
1552.81, -3.12516
1552.7, -3.13149
1552.6, -3.13783
1552.5, -3.14417
1552.4, -3.15052
1552.3, -3.15687
1552.2, -3.16322
1552.1, -3.16958
1552, -3.17595
1551.9, -3.18231
1551.8, -3.18869
1551.7, -3.19507
1551.6, -3.20145
1551.5, -3.20784
1551.4, -3.21423
1551.3, -3.22063
1551.2, -3.22703
1551.1, -3.23343
1551, -3.23984
1550.9, -3.24626
1550.8, -3.25268
1550.7, -3.25911
1550.6, -3.26554
1550.5, -3.27197
1550.4, -3.27841
1550.3, -3.28486
1550.2, -3.2913
1550.1, -3.29776
1550, -3.30422
1549.9, -3.31068
1549.8, -3.31715
1549.7, -3.32362
1549.6, -3.3301
1549.5, -3.33658
1549.4, -3.34307
1549.3, -3.34956
1549.2, -3.35606
1549.1, -3.36256
1549, -3.36907
1548.9, -3.37558
1548.8, -3.3821
1548.7, -3.38862
1548.6, -3.39515
1548.5, -3.40178
1548.4, -3.40858
1548.3, -3.41539
1548.2, -3.42229
1548.1, -3.4294
1548, -3.43651
1547.9, -3.44362
1547.8, -3.45074
1547.7, -3.45787
1547.6, -3.465
1547.5, -3.47214
1547.4, -3.47928
1547.3, -3.48643
1547.21, -3.49359
1547.11, -3.50075
1547.01, -3.50792
1546.91, -3.51509
1546.81, -3.52227
1546.71, -3.52946
1546.61, -3.53665
1546.51, -3.54385
1546.41, -3.55105
1546.31, -3.55826
1546.21, -3.56547
1546.11, -3.5727
1546.01, -3.57992
1545.91, -3.58716
1545.81, -3.5944
1545.71, -3.60164
1545.61, -3.60889
1545.51, -3.61615
1545.41, -3.62341
1545.31, -3.63068
1545.21, -3.63796
1545.12, -3.64524
1545.02, -3.65253
1544.92, -3.65982
1544.82, -3.66712
1544.72, -3.67443
1544.62, -3.68174
1544.52, -3.68906
1544.42, -3.69639
1544.32, -3.70372
1544.22, -3.71105
1544.12, -3.7184
1544.02, -3.72575
1543.92, -3.7331
1543.82, -3.74047
1543.73, -3.74783
1543.63, -3.75521
1543.53, -3.76259
1543.43, -3.76998
1543.33, -3.77781
1543.23, -3.78576
1543.13, -3.79371
1543.03, -3.80167
1542.93, -3.80964
1542.83, -3.81762
1542.73, -3.8256
1542.64, -3.8336
1542.54, -3.84159
1542.44, -3.8496
1542.34, -3.85761
1542.24, -3.86563
1542.14, -3.87366
1542.04, -3.8817
1541.94, -3.88974
1541.84, -3.89779
1541.74, -3.90585
1541.65, -3.91392
1541.55, -3.92199
1541.45, -3.93007
1541.35, -3.93816
1541.25, -3.94625
1541.15, -3.95436
1541.05, -3.96247
1540.95, -3.97059
1540.85, -3.97871
1540.76, -3.98685
1540.66, -3.99499
1540.56, -4.00314
1540.46, -4.01129
1540.36, -4.01946
1540.26, -4.02763
1540.16, -4.03581
1540.06, -4.044
1539.97, -4.05219
1539.87, -4.06039
1539.77, -4.0686
1539.67, -4.07682
1539.57, -4.08505
1539.47, -4.09328
1539.37, -4.10152
1539.27, -4.10977
1539.18, -4.11803
1539.08, -4.1263
1538.98, -4.13457
1538.88, -4.14285
1538.78, -4.15114
1538.68, -4.15944
1538.58, -4.16774
1538.49, -4.17605
1538.39, -4.1848
1538.29, -4.1937
1538.19, -4.20261
1538.09, -4.21152
1537.99, -4.22045
1537.9, -4.22938
1537.8, -4.23833
1537.7, -4.24728
1537.6, -4.25624
1537.5, -4.26522
1537.4, -4.2742
1537.3, -4.28319
1537.21, -4.29219
1537.11, -4.3012
1537.01, -4.31021
1536.91, -4.31924
1536.81, -4.32828
1536.71, -4.33733
1536.62, -4.34638
1536.52, -4.35545
1536.42, -4.36452
1536.32, -4.37361
1536.22, -4.3827
1536.13, -4.39181
1536.03, -4.40092
1535.93, -4.41004
1535.83, -4.41917
1535.73, -4.42832
1535.63, -4.43747
1535.54, -4.44663
1535.44, -4.4558
1535.34, -4.46498
1535.24, -4.47417
1535.14, -4.48337
1535.05, -4.49258
1534.95, -4.5018
1534.85, -4.51103
1534.75, -4.52027
1534.65, -4.52952
1534.56, -4.53877
1534.46, -4.54804
1534.36, -4.55732
1534.26, -4.56661
1534.16, -4.57591
1534.07, -4.58522
1533.97, -4.59454
1533.87, -4.60386
1533.77, -4.6132
1533.67, -4.62255
1533.58, -4.63191
1533.48, -4.64167
1533.38, -4.65162
1533.28, -4.66157
1533.18, -4.67154
1533.09, -4.68151
1532.99, -4.6915
1532.89, -4.7015
1532.79, -4.71152
1532.7, -4.72154
1532.6, -4.73157
1532.5, -4.74162
1532.4, -4.75168
1532.3, -4.76175
1532.21, -4.77183
1532.11, -4.78193
1532.01, -4.79203
1531.91, -4.80215
1531.82, -4.81228
1531.72, -4.82242
1531.62, -4.83257
1531.52, -4.84273
1531.43, -4.85291
1531.33, -4.8631
1531.23, -4.8733
1531.13, -4.88351
1531.03, -4.89374
1530.94, -4.90397
1530.84, -4.91422
1530.74, -4.92448
1530.64, -4.93475
1530.55, -4.94504
1530.45, -4.95533
1530.35, -4.96564
1530.25, -4.97597
1530.16, -4.9863
1530.06, -4.99665
1529.96, -5.007
1529.87, -5.01737
1529.77, -5.02776
1529.67, -5.03815
1529.57, -5.04856
1529.48, -5.05898
1529.38, -5.06941
1529.28, -5.07986
1529.18, -5.09032
1529.09, -5.10079
1528.99, -5.11127
1528.89, -5.12177
1528.79, -5.13228
1528.7, -5.1428
1528.6, -5.15368
1528.5, -5.16477
1528.41, -5.17587
1528.31, -5.18699
1528.21, -5.19812
1528.11, -5.20926
1528.02, -5.22042
1527.92, -5.2316
1527.82, -5.24278
1527.72, -5.25399
1527.63, -5.2652
1527.53, -5.27643
1527.43, -5.28768
1527.34, -5.29894
1527.24, -5.31022
1527.14, -5.32151
1527.05, -5.33281
1526.95, -5.34413
1526.85, -5.35546
1526.75, -5.36681
1526.66, -5.37818
1526.56, -5.38955
1526.46, -5.40095
1526.37, -5.41236
1526.27, -5.42378
1526.17, -5.43522
1526.08, -5.44667
1525.98, -5.45814
1525.88, -5.46962
1525.78, -5.48112
1525.69, -5.49264
1525.59, -5.50417
1525.49, -5.51571
1525.4, -5.52727
1525.3, -5.53885
1525.2, -5.55044
1525.11, -5.56205
1525.01, -5.57367
1524.91, -5.58531
1524.82, -5.59696
1524.72, -5.60863
1524.62, -5.62031
1524.53, -5.63201
1524.43, -5.64373
1524.33, -5.65546
1524.24, -5.66721
1524.14, -5.67897
1524.04, -5.69075
1523.95, -5.70255
1523.85, -5.71436
1523.75, -5.72652
1523.66, -5.73893
1523.56, -5.75136
1523.46, -5.76381
1523.37, -5.77627
1523.27, -5.78875
1523.17, -5.80125
1523.08, -5.81377
1522.98, -5.82631
1522.88, -5.83886
1522.79, -5.85143
1522.69, -5.86402
1522.59, -5.87663
1522.5, -5.88926
1522.4, -5.9019
1522.3, -5.91457
1522.21, -5.92725
1522.11, -5.93995
1522.01, -5.95267
1521.92, -5.96541
1521.82, -5.97817
1521.73, -5.99094
1521.63, -6.00374
1521.53, -6.01655
1521.44, -6.02938
1521.34, -6.04223
1521.24, -6.0551
1521.15, -6.06799
1521.05, -6.0809
1520.95, -6.09383
1520.86, -6.10678
1520.76, -6.11974
1520.67, -6.13273
1520.57, -6.14573
1520.47, -6.15876
1520.38, -6.1718
1520.28, -6.18487
1520.18, -6.19795
1520.09, -6.21105
1519.99, -6.22418
1519.9, -6.23732
1519.8, -6.25048
1519.7, -6.26366
1519.61, -6.27687
1519.51, -6.29009
1519.42, -6.30333
1519.32, -6.3166
1519.22, -6.32988
1519.13, -6.34318
1519.03, -6.35651
1518.94, -6.37017
1518.84, -6.38411
1518.74, -6.39808
1518.65, -6.41207
1518.55, -6.42608
1518.46, -6.44011
1518.36, -6.45417
1518.26, -6.46825
1518.17, -6.48236
1518.07, -6.49648
1517.98, -6.51063
1517.88, -6.5248
1517.78, -6.539
1517.69, -6.55322
1517.59, -6.56746
1517.5, -6.58172
1517.4, -6.59601
1517.3, -6.61033
1517.21, -6.62466
1517.11, -6.63902
1517.02, -6.6534
1516.92, -6.66781
1516.83, -6.68224
1516.73, -6.6967
1516.63, -6.71118
1516.54, -6.72568
1516.44, -6.74021
1516.35, -6.75476
1516.25, -6.76934
1516.16, -6.78394
1516.06, -6.79857
1515.96, -6.81322
1515.87, -6.82789
1515.77, -6.84259
1515.68, -6.85732
1515.58, -6.87207
1515.49, -6.88684
1515.39, -6.90164
1515.29, -6.91647
1515.2, -6.93132
1515.1, -6.94619
1515.01, -6.96109
1514.91, -6.97602
1514.82, -6.99097
1514.72, -7.00595
1514.63, -7.02096
1514.53, -7.03599
1514.44, -7.05105
1514.34, -7.06613
1514.24, -7.08124
1514.15, -7.09665
1514.05, -7.11239
1513.96, -7.12816
1513.86, -7.14396
1513.77, -7.15979
1513.67, -7.17564
1513.58, -7.19152
1513.48, -7.20744
1513.39, -7.22338
1513.29, -7.23935
1513.2, -7.25535
1513.1, -7.27138
1513, -7.28744
1512.91, -7.30353
1512.81, -7.31965
1512.72, -7.3358
1512.62, -7.35198
1512.53, -7.36819
1512.43, -7.38443
1512.34, -7.4007
1512.24, -7.417
1512.15, -7.43333
1512.05, -7.4497
1511.96, -7.46609
1511.86, -7.48252
1511.77, -7.49897
1511.67, -7.51546
1511.58, -7.53198
1511.48, -7.54853
1511.39, -7.56511
1511.29, -7.58172
1511.2, -7.59836
1511.1, -7.61504
1511.01, -7.63175
1510.91, -7.64849
1510.82, -7.66526
1510.72, -7.68207
1510.63, -7.69891
1510.53, -7.71578
1510.44, -7.73268
1510.34, -7.74962
1510.25, -7.76659
1510.15, -7.78359
1510.06, -7.80063
1509.96, -7.8177
1509.87, -7.8348
1509.77, -7.85194
1509.68, -7.86911
1509.58, -7.88632
1509.49, -7.90356
1509.39, -7.92106
1509.3, -7.9389
1509.2, -7.95678
1509.11, -7.9747
1509.01, -7.99265
1508.92, -8.01064
1508.82, -8.02866
1508.73, -8.04673
1508.63, -8.06483
1508.54, -8.08297
1508.44, -8.10115
1508.35, -8.11936
1508.26, -8.13762
1508.16, -8.15591
1508.07, -8.17424
1507.97, -8.19261
1507.88, -8.21102
1507.78, -8.22946
1507.69, -8.24795
1507.59, -8.26648
1507.5, -8.28504
1507.4, -8.30365
1507.31, -8.3223
1507.21, -8.34098
1507.12, -8.35971
1507.03, -8.37847
1506.93, -8.39728
1506.84, -8.41613
1506.74, -8.43502
1506.65, -8.45395
1506.55, -8.47292
1506.46, -8.49193
1506.36, -8.51099
1506.27, -8.53008
1506.18, -8.54922
1506.08, -8.5684
1505.99, -8.58763
1505.89, -8.60689
1505.8, -8.6262
1505.7, -8.64555
1505.61, -8.66495
1505.51, -8.68439
1505.42, -8.70387
1505.33, -8.72339
1505.23, -8.74296
1505.14, -8.76258
1505.04, -8.78224
1504.95, -8.80194
1504.85, -8.82169
1504.76, -8.84148
1504.67, -8.86151
1504.57, -8.88188
1504.48, -8.9023
1504.38, -8.92277
1504.29, -8.94329
1504.19, -8.96385
1504.1, -8.98447
1504.01, -9.00513
1503.91, -9.02585
1503.82, -9.04661
1503.72, -9.06742
1503.63, -9.08829
1503.54, -9.1092
1503.44, -9.13016
1503.35, -9.15118
1503.25, -9.17224
1503.16, -9.19336
1503.07, -9.21453
1502.97, -9.23575
1502.88, -9.25702
1502.78, -9.27834
1502.69, -9.29972
1502.6, -9.32115
1502.5, -9.34263
1502.41, -9.36416
1502.31, -9.38575
1502.22, -9.40739
1502.13, -9.42909
1502.03, -9.45084
1501.94, -9.47265
1501.84, -9.49451
1501.75, -9.51642
1501.66, -9.53839


