["input","LEFT"]
["out2","RIGHT"]
["output1","RIGHT"]
("input","mode 1",1,"input",1,"transmission",3.03436e-14)
(52, 3)
1.8737028625000000e+14 1.0537817109275479e-02 -1.2479218353764434e+00
1.8762521180952381e+14 1.0967847195647870e-02 -1.2571783646428718e+00
1.8788013736904762e+14 1.1438832913486716e-02 -1.2278103491220529e+00
1.8813506292857144e+14 1.1846247150732582e-02 -1.1652534700669324e+00
1.8838998848809525e+14 1.2130115467222464e-02 -1.0756540515798800e+00
1.8864491404761903e+14 1.2265762310784160e-02 -9.6440704277717237e-01
1.8889983960714284e+14 1.2253281138390278e-02 -8.3599900683261352e-01
1.8915476516666666e+14 1.2108172091638093e-02 -6.9430520075944724e-01
1.8940969072619047e+14 1.1853413955381732e-02 -5.4296337072623546e-01
1.8966461628571428e+14 1.1512972511222122e-02 -3.8568324557898453e-01
1.8991954184523809e+14 1.1106995311044685e-02 -2.2644151385261344e-01
1.9017446740476191e+14 1.0649137104075578e-02 -6.9557693932750769e-02
1.9042939296428572e+14 1.0146387750206301e-02 8.0311166913161716e-02
1.9068431852380953e+14 9.6014321290652776e-03 2.1818234820245078e-01
1.9093924408333334e+14 9.0171418483436429e-03 3.3868606173105298e-01
1.9119416964285712e+14 8.4025267142037539e-03 4.3590606094113543e-01
1.9144909520238094e+14 7.7794248432517549e-03 5.0324987508380992e-01
1.9170402076190475e+14 7.1890033212153211e-03 5.3380187620067043e-01
1.9195894632142856e+14 6.6957404922885870e-03 5.2214697317063496e-01
1.9221387188095238e+14 6.3828647473132957e-03 4.6876333753995425e-01
1.9246879744047619e+14 6.3304648901283331e-03 3.8545844921616257e-01
1.9272372300000000e+14 6.5788813707948817e-03 2.9476297698420101e-01
1.9297864855952381e+14 7.1057643888749050e-03 2.1905407851227376e-01
1.9323357411904762e+14 7.8403035667283395e-03 1.6988983107447919e-01
1.9348849967857144e+14 8.6962527197950029e-03 1.4772109644720277e-01
1.9359660086208747e+14 9.0762027119284366e-03 1.4529996839205483e-01
1.9363532405457916e+14 9.2131355916615330e-03 1.4529996839205483e-01
1.9374342523809522e+14 9.5951799839403013e-03 1.4746186565459715e-01
1.9399835079761903e+14 1.0474615542865521e-02 1.6293048259038506e-01
1.9425327635714284e+14 1.1288248347174568e-02 1.8873596719806968e-01
1.9450820191666666e+14 1.2003764628434626e-02 2.2069214101686305e-01
1.9476312747619047e+14 1.2600453791378436e-02 2.5569617393901695e-01
1.9501805303571428e+14 1.3067043147174327e-02 2.9149182164018883e-01
1.9527297859523809e+14 1.3399756870439856e-02 3.2645292615805588e-01
1.9552790415476191e+14 1.3600557820153061e-02 3.5941373528067844e-01
1.9578282971428572e+14 1.3675587861071998e-02 3.8954028571040294e-01
1.9603775527380953e+14 1.3633864929105512e-02 4.1623209021077462e-01
1.9629268083333331e+14 1.3486296096232930e-02 4.3904674644326086e-01
1.9654760639285712e+14 1.3245025300491637e-02 4.5764526962556096e-01
1.9680253195238094e+14 1.2923064361517904e-02 4.7176053687579178e-01
1.9705745751190475e+14 1.2534076396273238e-02 4.8119397729244989e-01
1.9731238307142856e+14 1.2092116646809325e-02 4.8584546790706312e-01
1.9756730863095238e+14 1.1611113483225107e-02 4.8577711219369901e-01
1.9782223419047619e+14 1.1103916405212843e-02 4.8130219923903794e-01
1.9807715975000000e+14 1.0580864481834155e-02 4.7307667654213004e-01
1.9833208530952381e+14 1.0048032212439304e-02 4.6215617355058813e-01
1.9858701086904762e+14 9.5055419523942895e-03 4.4997625061323471e-01
1.9884193642857141e+14 8.9464922368005257e-03 4.3822755309748102e-01
1.9909686198809522e+14 8.3570220747482358e-03 4.2863196487324173e-01
1.9935178754761903e+14 7.7177655606131580e-03 4.2266320392795970e-01
1.9960671310714284e+14 7.0065442331579790e-03 4.2126555099507618e-01
1.9986163866666666e+14 6.2017950557012409e-03 4.2458267054412679e-01
("input","mode 1",1,"output1",1,"transmission",1.9923210259664710e-13)
(52, 3)
1.8737028625000000e+14 5.1004020886801038e-01 1.6672647808691845e+00
1.8762521180952381e+14 5.1375063091331175e-01 1.6410121257793322e+00
1.8788013736904762e+14 5.1737743737132258e-01 1.6159215376107403e+00
1.8813506292857144e+14 5.2093180865527067e-01 1.5919735666426389e+00
1.8838998848809525e+14 5.2442972452659453e-01 1.5691575257965671e+00
1.8864491404761903e+14 5.2788807122528403e-01 1.5474736387163970e+00
1.8889983960714284e+14 5.3132096507190296e-01 1.5269304634342540e+00
1.8915476516666666e+14 5.3473773151011295e-01 1.5075393085537299e+00
1.8940969072619047e+14 5.3814306979722171e-01 1.4893085235277033e+00
1.8966461628571428e+14 5.4153884433450339e-01 1.4722402202537561e+00
1.8991954184523809e+14 5.4492623101222482e-01 1.4563304329487747e+00
1.9017446740476191e+14 5.4830695299614318e-01 1.4415718211242430e+00
1.9042939296428572e+14 5.5168302027523253e-01 1.4279567816576599e+00
1.9068431852380953e+14 5.5505533793055795e-01 1.4154788784158419e+00
1.9093924408333334e+14 5.5842223111672473e-01 1.4041317209454718e+00
1.9119416964285712e+14 5.6177897531851029e-01 1.3939060838533437e+00
1.9144909520238094e+14 5.6511881165549227e-01 1.3847871972826622e+00
1.9170402076190475e+14 5.6843502696923898e-01 1.3767541170582609e+00
1.9195894632142856e+14 5.7172300795833053e-01 1.3697819259841595e+00
1.9221387188095238e+14 5.7498113106551374e-01 1.3638458929741741e+00
1.9246879744047619e+14 5.7820996707250905e-01 1.3589255583636850e+00
1.9272372300000000e+14 5.8141022020355926e-01 1.3550066954856499e+00
1.9297864855952381e+14 5.8458054993992126e-01 1.3520802478502487e+00
1.9323357411904762e+14 5.8771651461582486e-01 1.3501390193261207e+00
1.9348849967857144e+14 5.9081126026192587e-01 1.3491741551534031e+00
1.9359660086208747e+14 5.9210933845977032e-01 1.3490569517515409e+00
1.9363532405457916e+14 5.9257210912892488e-01 1.3490569517515412e+00
1.9374342523809522e+14 5.9385758801320165e-01 1.3491735711319002e+00
1.9399835079761903e+14 5.9685022380078623e-01 1.3501233753981319e+00
1.9425327635714284e+14 5.9978695774221202e-01 1.3520115873347360e+00
1.9450820191666666e+14 6.0266793460142531e-01 1.3548320725637351e+00
1.9476312747619047e+14 6.0549343617735418e-01 1.3585863913331211e+00
1.9501805303571428e+14 6.0826140251938898e-01 1.3632823659979145e+00
1.9527297859523809e+14 6.1096615595364867e-01 1.3689300172158101e+00
1.9552790415476191e+14 6.1359916064603282e-01 1.3755370604433010e+00
1.9578282971428572e+14 6.1615149326286556e-01 1.3831064900761980e+00
1.9603775527380953e+14 6.1861666060783882e-01 1.3916376535343713e+00
1.9629268083333331e+14 6.2099209561531310e-01 1.4011302020520160e+00
1.9654760639285712e+14 6.2327832907899283e-01 1.4115885176805063e+00
1.9680253195238094e+14 6.2547615631361464e-01 1.4230237177438647e+00
1.9705745751190475e+14 6.2758337196634928e-01 1.4354515159797385e+00
1.9731238307142856e+14 6.2959309260911334e-01 1.4488865231880450e+00
1.9756730863095238e+14 6.3149499298592893e-01 1.4633357682990238e+00
1.9782223419047619e+14 6.3327923525080154e-01 1.4787950494804094e+00
1.9807715975000000e+14 6.3494126485671276e-01 1.4952505834250942e+00
1.9833208530952381e+14 6.3648488881823073e-01 1.5126857549853490e+00
1.9858701086904762e+14 6.3792166585280918e-01 1.5310899188895162e+00
1.9884193642857141e+14 6.3926642336694406e-01 1.5504647386342241e+00
1.9909686198809522e+14 6.4053079271546620e-01 1.5708243986282295e+00
1.9935178754761903e+14 6.4171791066979822e-01 1.5921889265687197e+00
1.9960671310714284e+14 6.4282113403277108e-01 1.6145734252951116e+00
1.9986163866666666e+14 6.4382779605237006e-01 1.6379784150536354e+00
("input","mode 1",1,"out2",1,"transmission",1.9925311640324104e-13)
(52, 3)
1.8737028625000000e+14 5.1021232519824689e-01 1.6729464249259403e+00
1.8762521180952381e+14 5.1391967820587026e-01 1.6467052949847929e+00
1.8788013736904762e+14 5.1754342737867931e-01 1.6216263412403735e+00
1.8813506292857144e+14 5.2109480311417178e-01 1.5976899646807989e+00
1.8838998848809525e+14 5.2458983217838595e-01 1.5748853578076483e+00
1.8864491404761903e+14 5.2804543872833043e-01 1.5532126357448357e+00
1.8889983960714284e+14 5.3147576965314181e-01 1.5326802453683090e+00
1.8915476516666666e+14 5.3489018061114757e-01 1.5132993776210915e+00
1.8940969072619047e+14 5.3829340811805704e-01 1.4950782666216758e+00
1.8966461628571428e+14 5.4168736404895812e-01 1.4780189283767895e+00
1.8991954184523809e+14 5.4507327865718358e-01 1.4621173379083989e+00
1.9017446740476191e+14 5.4845292746421337e-01 1.4473661418346442e+00
1.9042939296428572e+14 5.5182835973648370e-01 1.4337577684501202e+00
1.9068431852380953e+14 5.5520049757633672e-01 1.4212858448732346e+00
1.9093924408333334e+14 5.5856765651447582e-01 1.4099440576342359e+00
1.9119416964285712e+14 5.6192507694258709e-01 1.3997232541400273e+00
1.9144909520238094e+14 5.6526594506762884e-01 1.3906087196591999e+00
1.9170402076190475e+14 5.6858348118546465e-01 1.3825795400845984e+00
1.9195894632142856e+14 5.7187300275303865e-01 1.3756108017969515e+00
1.9221387188095238e+14 5.7513282269321064e-01 1.3696777547236008e+00
1.9246879744047619e+14 5.7836346081651280e-01 1.3647599067299507e+00
1.9272372300000000e+14 5.8156558678261161e-01 1.3608429990461288e+00
1.9297864855952381e+14 5.8473784109650317e-01 1.3579179600183815e+00
1.9323357411904762e+14 5.8787577199528718e-01 1.3559776097423704e+00
1.9348849967857144e+14 5.9097251234353498e-01 1.3550131464522974e+00
1.9359660086208747e+14 5.9227143856991249e-01 1.3548959880105411e+00
1.9363532405457916e+14 5.9273451236805996e-01 1.3548959880105411e+00
1.9374342523809522e+14 5.9402083339980705e-01 1.3550125658907863e+00
1.9399835079761903e+14 5.9701540524427710e-01 1.3559620569470887e+00
1.9425327635714284e+14 5.9995393763585902e-01 1.3578496849517705e+00
1.9450820191666666e+14 6.0283648585940586e-01 1.3606692957455637e+00
1.9476312747619047e+14 6.0566325952481948e-01 1.3644223541540594e+00
1.9501805303571428e+14 6.0843217177254905e-01 1.3691165330357777e+00
1.9527297859523809e+14 6.1113757985024719e-01 1.3747617000364385e+00
1.9552790415476191e+14 6.1377103889106011e-01 1.3813654760994447e+00
1.9578282971428572e+14 6.1632374180709959e-01 1.3889308656987405e+00
1.9603775527380953e+14 6.1878929022887474e-01 1.3974573353726372e+00
1.9629268083333331e+14 6.2116514687450164e-01 1.4069447164898490e+00
1.9654760639285712e+14 6.2345178839083570e-01 1.4173975442616682e+00
1.9680253195238094e+14 6.2564989203064736e-01 1.4288269684581676e+00
1.9705745751190475e+14 6.2775712778023207e-01 1.4412485584807617e+00
1.9731238307142856e+14 6.2976655615743871e-01 1.4546766194618577e+00
1.9756730863095238e+14 6.3166792623655088e-01 1.4691178075585076e+00
1.9782223419047619e+14 6.3345162221633611e-01 1.4845676273239914e+00
1.9807715975000000e+14 6.3511341551360068e-01 1.5010122253614679e+00
1.9833208530952381e+14 6.3665744554356396e-01 1.5184352212857786e+00
1.9858701086904762e+14 6.3809549029624313e-01 1.5368264852605467e+00
1.9884193642857141e+14 6.3944238626523819e-01 1.5561883436091537e+00
1.9909686198809522e+14 6.4070952877123022e-01 1.5765355882945626e+00
1.9935178754761903e+14 6.4189961884214441e-01 1.5978885963101073e+00
1.9960671310714284e+14 6.4300549276108998e-01 1.6202624305044182e+00
1.9986163866666666e+14 6.4401402661822438e-01 1.6436571710581931e+00
("output1","mode 1",1,"input",1,"transmission",1.9920014288659740e-13)
(52, 3)
1.8737028625000000e+14 5.0985565290002932e-01 1.6655736132886212e+00
1.8762521180952381e+14 5.1357864940877007e-01 1.6392310318719918e+00
1.8788013736904762e+14 5.1724432894888128e-01 1.6140679799918041e+00
1.8813506292857144e+14 5.2085792046299495e-01 1.5900885428616749e+00
1.8838998848809525e+14 5.2442460314915107e-01 1.5672951995299214e+00
1.8864491404761903e+14 5.2794934911452041e-01 1.5456886245125194e+00
1.8889983960714284e+14 5.3143680866113008e-01 1.5252674879710406e+00
1.8915476516666666e+14 5.3489124536542265e-01 1.5060282912891634e+00
1.8940969072619047e+14 5.3831651970602090e-01 1.4879652748743086e+00
1.8966461628571428e+14 5.4171611157945687e-01 1.4710704283603508e+00
1.8991954184523809e+14 5.4509316515339568e-01 1.4553336209057530e+00
1.9017446740476191e+14 5.4845053549156875e-01 1.4407428528696473e+00
1.9042939296428572e+14 5.5179081613993008e-01 1.4272846125593279e+00
1.9068431852380953e+14 5.5511633062497556e-01 1.4149443060938331e+00
1.9093924408333334e+14 5.5842907806327780e-01 1.4037067176236291e+00
1.9119416964285712e+14 5.6173063259649225e-01 1.3935564533126463e+00
1.9144909520238094e+14 5.6502200643128431e-01 1.3844783264963323e+00
1.9170402076190475e+14 5.6830349497814714e-01 1.3764576527017167e+00
1.9195894632142856e+14 5.7157452823516219e-01 1.3694804397598854e+00
1.9221387188095238e+14 5.7483355396695734e-01 1.3635334770324248e+00
1.9246879744047619e+14 5.7807797497865010e-01 1.3586043452867775e+00
1.9272372300000000e+14 5.8130415534809221e-01 1.3546813816676160e+00
1.9297864855952381e+14 5.8450750013778063e-01 1.3517536400316086e+00
1.9323357411904762e+14 5.8768260173111908e-01 1.3498108844800947e+00
1.9348849967857144e+14 5.9082343564712569e-01 1.3488436436733846e+00
1.9359660086208747e+14 5.9214340183097025e-01 1.3487258975981840e+00
1.9363532405457916e+14 5.9261435490718162e-01 1.3487258975981840e+00
1.9374342523809522e+14 5.9392358145233437e-01 1.3488433373978894e+00
1.9399835079761903e+14 5.9697644163335051e-01 1.3498024680423801e+00
1.9425327635714284e+14 5.9997543359298278e-01 1.3517148518581423e+00
1.9450820191666666e+14 6.0291413685991047e-01 1.3545758517404329e+00
1.9476312747619047e+14 6.0578638777879656e-01 1.3583825675032912e+00
1.9501805303571428e+14 6.0858632529747414e-01 1.3631339425262052e+00
1.9527297859523809e+14 6.1130840163291422e-01 1.3688307567984344e+00
1.9552790415476191e+14 6.1394737842696878e-01 1.3754754936831788e+00
1.9578282971428572e+14 6.1649833101429052e-01 1.3830720878386011e+00
1.9603775527380953e+14 6.1895668012921290e-01 1.3916255807441684e+00
1.9629268083333331e+14 6.2131826240343213e-01 1.4011417244858575e+00
1.9654760639285712e+14 6.2357943998647747e-01 1.4116265811010089e+00
1.9680253195238094e+14 6.2573723788034474e-01 1.4230861626253226e+00
1.9705745751190475e+14 6.2778948766324427e-01 1.4355261465541052e+00
1.9731238307142856e+14 6.2973495042733696e-01 1.4489516849121411e+00
1.9756730863095238e+14 6.3157339142826308e-01 1.4633673059679351e+00
1.9782223419047619e+14 6.3330558448094598e-01 1.4787768897983504e+00
1.9807715975000000e+14 6.3493323465177909e-01 1.4951836861270593e+00
1.9833208530952381e+14 6.3645882133554899e-01 1.5125903377728493e+00
1.9858701086904762e+14 6.3788537772619358e-01 1.5309988766895346e+00
1.9884193642857141e+14 6.3921623421641482e-01 1.5504106711322296e+00
1.9909686198809522e+14 6.4045476005582624e-01 1.5708263194101479e+00
1.9935178754761903e+14 6.4160413825523321e-01 1.5922455042726360e+00
1.9960671310714284e+14 6.4266720305738656e-01 1.6146668380706444e+00
1.9986163866666666e+14 6.4364635837062589e-01 1.6380877387406771e+00
("output1","mode 1",1,"output1",1,"transmission",3.9346578613516853e-13)
(52, 3)
1.8737028625000000e+14 2.5738883379456457e-03 1.1646431726774451e+00
1.8762521180952381e+14 3.4855430340727102e-03 2.8044672578840286e+00
1.8788013736904762e+14 8.2994901768644481e-03 2.7089556726251462e+00
1.8813506292857144e+14 1.2850048268666991e-02 2.4085542522835506e+00
1.8838998848809525e+14 1.6689714369135099e-02 2.0731013575632637e+00
1.8864491404761903e+14 1.9531071496531785e-02 1.7276485646720616e+00
1.8889983960714284e+14 2.1167673476627541e-02 1.3792146894863833e+00
1.8915476516666666e+14 2.1485458106794877e-02 1.0301682164555890e+00
1.8940969072619047e+14 2.0475533225397847e-02 6.8101827523114422e-01
1.8966461628571428e+14 1.8238917826768841e-02 3.3099419858839318e-01
1.8991954184523809e+14 1.4980728353193138e-02 -2.2493385687983175e-02
1.9017446740476191e+14 1.0994377221219303e-02 -3.8669928855216323e-01
1.9042939296428572e+14 6.6427740170333909e-03 -7.8809040844263556e-01
1.9068431852380953e+14 2.4191275601744794e-03 -1.4320875438902745e+00
1.9093924408333334e+14 2.2230663152393794e-03 -3.8866458810058235e+00
1.9119416964285712e+14 5.4331846311523402e-03 -4.5320594028454071e+00
1.9144909520238094e+14 7.8933228745535107e-03 -4.9166391159943084e+00
1.9170402076190475e+14 9.3342619434059280e-03 -5.2523502123121739e+00
1.9195894632142856e+14 9.7051775095103373e-03 -5.5629802240156554e+00
1.9221387188095238e+14 9.0742190562287696e-03 -5.8494621424779156e+00
1.9246879744047619e+14 7.6132327990433299e-03 -6.1002377911613506e+00
1.9272372300000000e+14 5.5955453794576211e-03 -6.2784059253541589e+00
1.9297864855952381e+14 3.4720785177208080e-03 -6.2543426317196671e+00
1.9323357411904762e+14 2.3977609975848230e-03 -5.6805161059653395e+00
1.9348849967857144e+14 3.5249364452966956e-03 -5.1819736535794449e+00
1.9359660086208747e+14 4.2624591558354692e-03 -5.1436465994630645e+00
1.9363532405457916e+14 4.5282121058373270e-03 -5.1436465994630645e+00
1.9374342523809522e+14 5.2461055595393056e-03 -5.1678638087432978e+00
1.9399835079761903e+14 6.6662895805091448e-03 -5.2980664523554539e+00
1.9425327635714284e+14 7.5833186414242708e-03 -5.4590235527265092e+00
1.9450820191666666e+14 8.0074929076561722e-03 -5.6098364116744763e+00
1.9476312747619047e+14 8.0798601680347748e-03 -5.7292483488782446e+00
1.9501805303571428e+14 8.0301260864877287e-03 -5.8086833236455400e+00
1.9527297859523809e+14 8.0925896855697926e-03 -5.8578593792184801e+00
1.9552790415476191e+14 8.3758010225502329e-03 -5.9039441318631987e+00
1.9578282971428572e+14 8.7865802934923732e-03 -5.9725239524307137e+00
1.9603775527380953e+14 9.0948943253184866e-03 -6.0698214427827857e+00
1.9629268083333331e+14 9.0655304396761466e-03 -6.1830614276667779e+00
1.9654760639285712e+14 8.5638562127137181e-03 -6.2859768876220841e+00
1.9680253195238094e+14 7.6438456800268940e-03 -6.3365842891759625e+00
1.9705745751190475e+14 6.6775362907958314e-03 -6.2737009330269444e+00
1.9731238307142856e+14 6.4584514500629691e-03 -6.0763219669045858e+00
1.9756730863095238e+14 7.6291150829492834e-03 -5.8969287208192318e+00
1.9782223419047619e+14 9.8120353439548978e-03 -5.8742012094758627e+00
1.9807715975000000e+14 1.2205066222176949e-02 -5.9804340657251762e+00
1.9833208530952381e+14 1.4169881419804532e-02 -6.1611236668231655e+00
1.9858701086904762e+14 1.5251370803280952e-02 -6.3836331874221992e+00
1.9884193642857141e+14 1.5143101056622137e-02 -6.6303830191962145e+00
1.9909686198809522e+14 1.3687573323288502e-02 -6.8908031846026381e+00
1.9935178754761903e+14 1.0886816198070757e-02 -7.1558248698204867e+00
1.9960671310714284e+14 6.9085790281284195e-03 -7.4072438216244354e+00
1.9986163866666666e+14 2.1219611773454173e-03 -7.4787257333088544e+00
("output1","mode 1",1,"out2",1,"transmission",2.6212841801649685e-13)
(52, 3)
1.8737028625000000e+14 5.5340216055990411e-02 1.9977937002843047e+00
1.8762521180952381e+14 5.4181688047041709e-02 1.9584969004433304e+00
1.8788013736904762e+14 5.3027815547100836e-02 1.9189092203240774e+00
1.8813506292857144e+14 5.1902691302365966e-02 1.8791931530896788e+00
1.8838998848809525e+14 5.0825702334694328e-02 1.8396665991025620e+00
1.8864491404761903e+14 4.9809115513964018e-02 1.8007765233549886e+00
1.8889983960714284e+14 4.8856688552093158e-02 1.7630490525446196e+00
1.8915476516666666e+14 4.7963596908540178e-02 1.7270246529452511e+00
1.8940969072619047e+14 4.7117667348568336e-02 1.6931915269954663e+00
1.8966461628571428e+14 4.6301616520868033e-02 1.6619305640724584e+00
1.8991954184523809e+14 4.5495804099509297e-02 1.6334810900006953e+00
1.9017446740476191e+14 4.4680975914004752e-02 1.6079302948478031e+00
1.9042939296428572e+14 4.3840580060479029e-02 1.5852234062687496e+00
1.9068431852380953e+14 4.2962421599111782e-02 1.5651884936797567e+00
1.9093924408333334e+14 4.2039595003153324e-02 1.5475696447232679e+00
1.9119416964285712e+14 4.1070739283499899e-02 1.5320640354639070e+00
1.9144909520238094e+14 4.0059690540407346e-02 1.5183603827290797e+00
1.9170402076190475e+14 3.9014597439666086e-02 1.5061770692689687e+00
1.9195894632142856e+14 3.7946567973529265e-02 1.4952975141589440e+00
1.9221387188095238e+14 3.6867961180823632e-02 1.4855987971831957e+00
1.9246879744047619e+14 3.5790516333379506e-02 1.4770683931299415e+00
1.9272372300000000e+14 3.4723584086167866e-02 1.4698042814751977e+00
1.9297864855952381e+14 3.3672743966518127e-02 1.4639960998142139e+00
1.9323357411904762e+14 3.2639037183034181e-02 1.4598888381144732e+00
1.9348849967857144e+14 3.1618924095286625e-02 1.4577344538523820e+00
1.9359660086208747e+14 3.1188738496114806e-02 1.4574636789433906e+00
1.9363532405457916e+14 3.1034777208011260e-02 1.4574636789433906e+00
1.9374342523809522e+14 3.0604930668725511e-02 1.4577391635660988e+00
1.9399835079761903e+14 2.9586826345096153e-02 1.4600140622881341e+00
1.9425327635714284e+14 2.8553114183181585e-02 1.4645343021823034e+00
1.9450820191666666e+14 2.7492623001216875e-02 1.4711085790700922e+00
1.9476312747619047e+14 2.6396049884441938e-02 1.4793578059336099e+00
1.9501805303571428e+14 2.5257369979055890e-02 1.4887008103560109e+00
1.9527297859523809e+14 2.4075072398185113e-02 1.4983459215118671e+00
1.9552790415476191e+14 2.2853182889318108e-02 1.5072898688349627e+00
1.9578282971428572e+14 2.1602009357915342e-02 1.5143288754269721e+00
1.9603775527380953e+14 2.0338520741394236e-02 1.5180911778754744e+00
1.9629268083333331e+14 1.9086255271502473e-02 1.5171060471817135e+00
1.9654760639285712e+14 1.7874635152481000e-02 1.5099316561796956e+00
1.9680253195238094e+14 1.6737511227126134e-02 1.4953689934570238e+00
1.9705745751190475e+14 1.5710677850452288e-02 1.4727795988555554e+00
1.9731238307142856e+14 1.4828089419536566e-02 1.4424810006974496e+00
1.9756730863095238e+14 1.4116796045061261e-02 1.4061035228122758e+00
1.9782223419047619e+14 1.3591370414284988e-02 1.3666947069799935e+00
1.9807715975000000e+14 1.3249562677287522e-02 1.3283689238299918e+00
1.9833208530952381e+14 1.3071214305013170e-02 1.2955157397297319e+00
1.9858701086904762e+14 1.3021321413565917e-02 1.2718840754924454e+00
1.9884193642857141e+14 1.3056132431117170e-02 1.2599545804372185e+00
1.9909686198809522e+14 1.3129928031296794e-02 1.2607934377383689e+00
1.9935178754761903e+14 1.3200496723352583e-02 1.2742827191583090e+00
1.9960671310714284e+14 1.3232555176450044e-02 1.2994969439420987e+00
1.9986163866666666e+14 1.3199354459519513e-02 1.3350497728482891e+00
("out2","mode 1",1,"input",1,"transmission",1.9922125243177766e-13)
(52, 3)
1.8737028625000000e+14 5.1002587802539334e-01 1.6712595135091528e+00
1.8762521180952381e+14 5.1374527115733659e-01 1.6449266753135605e+00
1.8788013736904762e+14 5.1740756224552642e-01 1.6197734884819008e+00
1.8813506292857144e+14 5.2101801172971463e-01 1.5958039726372835e+00
1.8838998848809525e+14 5.2458182638845352e-01 1.5730205420368215e+00
1.8864491404761903e+14 5.2810400150365477e-01 1.5514238076175437e+00
1.8889983960714284e+14 5.3158920576450275e-01 1.5310123775792770e+00
1.8915476516666666e+14 5.3504171607883944e-01 1.5117826933616938e+00
1.8940969072619047e+14 5.3846540104859142e-01 1.4937289378433984e+00
1.8966461628571428e+14 5.4186374344758881e-01 1.4768430459379269e+00
1.8991954184523809e+14 5.4523988514693822e-01 1.4611148352775332e+00
1.9017446740476191e+14 5.4859667391549860e-01 1.4465322582616007e+00
1.9042939296428572e+14 5.5193669127664891e-01 1.4330817591555427e+00
1.9068431852380953e+14 5.5526224436292071e-01 1.4207487042757827e+00
1.9093924408333334e+14 5.5857531195771304e-01 1.4095178424906973e+00
1.9119416964285712e+14 5.6187744442853527e-01 1.3993737494332108e+00
1.9144909520238094e+14 5.6516962732177900e-01 1.3903012128281698e+00
1.9170402076190475e+14 5.6845212710406134e-01 1.3822855276105865e+00
1.9195894632142856e+14 5.7172434318759058e-01 1.3753126860563671e+00
1.9221387188095238e+14 5.7498469178110745e-01 1.3693694669398779e+00
1.9246879744047619e+14 5.7823054385662198e-01 1.3644434452480780e+00
1.9272372300000000e+14 5.8145823208399139e-01 1.3605229568954553e+00
1.9297864855952381e+14 5.8466313124097691e-01 1.3575970587068564e+00
1.9323357411904762e+14 5.8783980522684187e-01 1.3556555215052732e+00
1.9348849967857144e+14 5.9098220351421571e-01 1.3546888838937594e+00
1.9359660086208747e+14 5.9230282491025121e-01 1.3545712108539054e+00
1.9363532405457916e+14 5.9277401101835525e-01 1.3545712108539052e+00
1.9374342523809522e+14 5.9408388263660739e-01 1.3546885782111602e+00
1.9399835079761903e+14 5.9713822555310736e-01 1.3556471213293979e+00
1.9425327635714284e+14 6.0013863403249335e-01 1.3575583451814526e+00
1.9450820191666666e+14 6.0307867612919719e-01 1.3604176287745668e+00
1.9476312747619047e+14 6.0595218100534753e-01 1.3642220876804059e+00
1.9501805303571428e+14 6.0875328470877432e-01 1.3689706799025938e+00
1.9527297859523809e+14 6.1147644068817486e-01 1.3746641981712060e+00
1.9552790415476191e+14 6.1411641566177488e-01 1.3813051360115536e+00
1.9578282971428572e+14 6.1666829347204233e-01 1.3888974350501821e+00
1.9603775527380953e+14 6.1912750626699309e-01 1.3974461400324560e+00
1.9629268083333331e+14 6.2148990437611484e-01 1.4069570022303302e+00
1.9654760639285712e+14 6.2375186523075976e-01 1.4174360785641733e+00
1.9680253195238094e+14 6.2591042993970814e-01 1.4288893716011102e+00
1.9705745751190475e+14 6.2796344621594302e-01 1.4413225451574321e+00
1.9731238307142856e+14 6.2990969050294388e-01 1.4547407337089939e+00
1.9756730863095238e+14 6.3174894182476937e-01 1.4691484446474841e+00
1.9782223419047619e+14 6.3348198542416323e-01 1.4845495345820181e+00
1.9807715975000000e+14 6.3511053477155266e-01 1.5009472280930145e+00
1.9833208530952381e+14 6.3663707406795733e-01 1.5183441422473192e+00
1.9858701086904762e+14 6.3806463728552565e-01 1.5367422838184506e+00
1.9884193642857141e+14 6.3939655131263140e-01 1.5561429976985302e+00
1.9909686198809522e+14 6.4063617755927604e-01 1.5765468619049274e+00
1.9935178754761903e+14 6.4178668702731978e-01 1.5979535431644993e+00
1.9960671310714284e+14 6.4285089817062790e-01 1.6203616431502459e+00
1.9986163866666666e+14 6.4383119593177507e-01 1.6437685753504148e+00
("out2","mode 1",1,"output1",1,"transmission",2.6212683998257360e-13)
(52, 3)
1.8737028625000000e+14 5.5339838335777866e-02 1.9977311716313106e+00
1.8762521180952381e+14 5.4181295254130804e-02 1.9584381822338450e+00
1.8788013736904762e+14 5.3027412134701198e-02 1.9188543271364076e+00
1.8813506292857144e+14 5.1902280900106589e-02 1.8791420391572484e+00
1.8838998848809525e+14 5.0825289591083601e-02 1.8396191464646647e+00
1.8864491404761903e+14 4.9808707787943877e-02 1.8007325570334487e+00
1.8889983960714284e+14 4.8856296645901819e-02 1.7630083768938054e+00
1.8915476516666666e+14 4.7963234496273509e-02 1.7269870944545083e+00
1.8940969072619047e+14 4.7117349288320107e-02 1.6931569667575748e+00
1.8966461628571428e+14 4.6301356631263432e-02 1.6618989480903985e+00
1.8991954184523809e+14 4.5495613111942119e-02 1.6334524146652005e+00
1.9017446740476191e+14 4.4680860170535221e-02 1.6079045739934983e+00
1.9042939296428572e+14 4.3840541207162145e-02 1.5852006315513509e+00
1.9068431852380953e+14 4.2962457177267155e-02 1.5651686001915348e+00
1.9093924408333334e+14 4.2039699605419492e-02 1.5475524899225155e+00
1.9119416964285712e+14 4.1070905877349462e-02 1.5320493942873215e+00
1.9144909520238094e+14 4.0059911634230033e-02 1.5183479576281467e+00
1.9170402076190475e+14 3.9014865889543372e-02 1.5061665118213721e+00
1.9195894632142856e+14 3.7946877333120313e-02 1.4952884542064249e+00
1.9221387188095238e+14 3.6868305570241601e-02 1.4855908748538096e+00
1.9246879744047619e+14 3.5790889878248071e-02 1.4770612880004850e+00
1.9272372300000000e+14 3.4723980084429541e-02 1.4697977322818847e+00
1.9297864855952381e+14 3.3673154061450702e-02 1.4639899092383204e+00
1.9323357411904762e+14 3.2639450890429529e-02 1.4598828615464818e+00
1.9348849967857144e+14 3.1619328973834696e-02 1.4577285780879476e+00
1.9359660086208747e+14 3.1189135567458944e-02 1.4574578151695732e+00
1.9363532405457916e+14 3.1035170883694254e-02 1.4574578151695732e+00
1.9374342523809522e+14 3.0605313204109551e-02 1.4577332881423017e+00
1.9399835079761903e+14 2.9587173297754964e-02 1.4600080983565782e+00
1.9425327635714284e+14 2.8553413872768735e-02 1.4645281982654037e+00
1.9450820191666666e+14 2.7492865941280208e-02 1.4711023701861454e+00
1.9476312747619047e+14 2.6396228438335105e-02 1.4793516673624834e+00
1.9501805303571428e+14 2.5257477217918753e-02 1.4886950875967837e+00
1.9527297859523809e+14 2.4075100864582154e-02 1.4983411107467401e+00
1.9552790415476191e+14 2.2853124193000677e-02 1.5072865395201034e+00
1.9578282971428572e+14 2.1601855245784233e-02 1.5143275533323950e+00
1.9603775527380953e+14 2.0338265550487376e-02 1.5180922316779446e+00
1.9629268083333331e+14 1.9085898843048232e-02 1.5171096316835007e+00
1.9654760639285712e+14 1.7874184835175288e-02 1.5099377524270199e+00
1.9680253195238094e+14 1.6736981842944199e-02 1.4953775525508202e+00
1.9705745751190475e+14 1.5710089356173820e-02 1.4727907544162822e+00
1.9731238307142856e+14 1.4827463010412018e-02 1.4424952815981995e+00
1.9756730863095238e+14 1.4116150056412228e-02 1.4061219857613811e+00
1.9782223419047619e+14 1.3590717312766839e-02 1.3667189222185527e+00
1.9807715975000000e+14 1.3248907902724833e-02 1.3284007863211518e+00
1.9833208530952381e+14 1.3070557184869085e-02 1.2955571400731698e+00
1.9858701086904762e+14 1.3020658053646718e-02 1.2719365318436986e+00
1.9884193642857141e+14 1.3055460191199726e-02 1.2600189655892546e+00
1.9909686198809522e+14 1.3129250671694757e-02 1.2608699038706441e+00
1.9935178754761903e+14 1.3199828703675830e-02 1.2743708402868752e+00
1.9960671310714284e+14 1.3231923392696259e-02 1.2995960076762785e+00
1.9986163866666666e+14 1.3198796300213289e-02 1.3351590976289502e+00
("out2","mode 1",1,"out2",1,"transmission",3.8231295054416090e-13)
(52, 3)
1.8737028625000000e+14 2.7293974310962370e-03 6.6750425762380761e-01
1.8762521180952381e+14 3.2714931876736057e-03 2.3691831784861646e+00
1.8788013736904762e+14 8.0795135611403269e-03 2.3100853841548381e+00
1.8813506292857144e+14 1.2632463539048549e-02 2.0285680208411443e+00
1.8838998848809525e+14 1.6473685625368314e-02 1.7108372064164308e+00
1.8864491404761903e+14 1.9316376674225220e-02 1.3828638814578882e+00
1.8889983960714284e+14 2.0955268122405737e-02 1.0517610418896324e+00
1.8915476516666666e+14 2.1277663668923624e-02 7.1986214526562897e-01
1.8940969072619047e+14 2.0276076886348065e-02 3.8757928901917788e-01
1.8966461628571428e+14 1.8052854720888391e-02 5.3951238950675114e-02
1.8991954184523809e+14 1.4814347700553124e-02 -2.8402172121373559e-01
1.9017446740476191e+14 1.0855469534566493e-02 -6.3466705580095628e-01
1.9042939296428572e+14 6.5432391020647379e-03 -1.0283756329637868e+00
1.9068431852380953e+14 2.4045793884492159e-03 -1.6985980278352855e+00
1.9093924408333334e+14 2.3392020508496759e-03 -4.0324544258319914e+00
1.9119416964285712e+14 5.4777130303783729e-03 -4.6749110276992614e+00
1.9144909520238094e+14 7.8902110855568822e-03 -5.0489804383795640e+00
1.9170402076190475e+14 9.2903341042883513e-03 -5.3707706696249486e+00
1.9195894632142856e+14 9.6255080956490803e-03 -5.6663583250776437e+00
1.9221387188095238e+14 8.9638308365685513e-03 -5.9375558845997833e+00
1.9246879744047619e+14 7.4765355344060527e-03 -6.1732832700368361e+00
1.9272372300000000e+14 5.4344256945107507e-03 -6.3363859469953425e+00
1.9297864855952381e+14 3.2854292539671558e-03 -6.2889713668048213e+00
1.9323357411904762e+14 2.2494668861696670e-03 -5.6355753079231450e+00
1.9348849967857144e+14 3.4940758108235963e-03 -5.1180385899002632e+00
1.9359660086208747e+14 4.2541452962188402e-03 -5.0813149147058274e+00
1.9363532405457916e+14 4.5251723889252931e-03 -5.0813149147058274e+00
1.9374342523809522e+14 5.2526130492745434e-03 -5.1040126878009726e+00
1.9399835079761903e+14 6.6784593338621041e-03 -5.2245929281726005e+00
1.9425327635714284e+14 7.5917024642050751e-03 -5.3715140532725991e+00
1.9450820191666666e+14 8.0101466592755691e-03 -5.5062850578738747e+00
1.9476312747619047e+14 8.0770258283147968e-03 -5.6087497896458833e+00
1.9501805303571428e+14 8.0203263320387241e-03 -5.6708933297223867e+00
1.9527297859523809e+14 8.0697185355036831e-03 -5.7024226915563032e+00
1.9552790415476191e+14 8.3298564697531653e-03 -5.7298178066195584e+00
1.9578282971428572e+14 8.7086456367633843e-03 -5.7777812385131009e+00
1.9603775527380953e+14 8.9829536134117070e-03 -5.8518380010967164e+00
1.9629268083333331e+14 8.9300493334369593e-03 -5.9383267964999735e+00
1.9654760639285712e+14 8.4364473612905510e-03 -6.0094215173196721e+00
1.9680253195238094e+14 7.5938720804974826e-03 -6.0217370411582616e+00
1.9705745751190475e+14 6.8292750423144151e-03 -5.9209808747024733e+00
1.9731238307142856e+14 6.9217600345205478e-03 -5.7163497195191439e+00
1.9756730863095238e+14 8.3300495417322953e-03 -5.5608009737545983e+00
1.9782223419047619e+14 1.0601733152713308e-02 -5.5499310134879716e+00
1.9807715975000000e+14 1.2995471908868694e-02 -5.6513301422832942e+00
1.9833208530952381e+14 1.4912893911742853e-02 -5.8189302657749202e+00
1.9858701086904762e+14 1.5914147384493725e-02 -6.0246414015307135e+00
1.9884193642857141e+14 1.5700334293088439e-02 -6.2525929022716520e+00
1.9909686198809522e+14 1.4120290533149969e-02 -6.4925301274102294e+00
1.9935178754761903e+14 1.1183358834281830e-02 -6.7344363055346657e+00
1.9960671310714284e+14 7.0681689233413111e-03 -6.9552280208159569e+00
1.9986163866666666e+14 2.1951110412209663e-03 -6.9365885509473344e+00
